1677156016000|2023-02-23 20:40:16|core_service|2|0|1|0|150|0|1|0
1677156016000|2023-02-23 20:40:16|__total_inbound_traffic__|2|0|1|0|150|0|1|0
1677156075000|2023-02-23 20:41:15|core_service|0|0|1|0|59437|0|0|0
1677156075000|2023-02-23 20:41:15|__total_inbound_traffic__|0|0|1|0|59437|0|0|0
1677156081000|2023-02-23 20:41:21|core_service|1|0|1|0|146|0|1|0
1677156081000|2023-02-23 20:41:21|__total_inbound_traffic__|1|0|1|0|146|0|1|0
1677156095000|2023-02-23 20:41:35|core_service|1|0|0|0|0|0|1|0
1677156095000|2023-02-23 20:41:35|__total_inbound_traffic__|1|0|0|0|0|0|1|0
1677156100000|2023-02-23 20:41:40|core_service|0|0|1|0|5334|0|0|0
1677156100000|2023-02-23 20:41:40|__total_inbound_traffic__|0|0|1|0|5334|0|0|0
