1676893587000|2023-02-20 19:46:27|core_service|1|0|1|0|0|0|1|0
1676893587000|2023-02-20 19:46:27|__total_inbound_traffic__|1|0|1|0|0|0|1|0
1676893656000|2023-02-20 19:47:36|core_service|1|0|1|0|27|0|1|0
1676893656000|2023-02-20 19:47:36|__total_inbound_traffic__|1|0|1|0|27|0|1|0
1676893664000|2023-02-20 19:47:44|core_service|1|0|1|0|0|0|1|0
1676893664000|2023-02-20 19:47:44|__total_inbound_traffic__|1|0|1|0|0|0|1|0
1676893675000|2023-02-20 19:47:55|core_service|1|0|1|0|0|0|1|0
1676893675000|2023-02-20 19:47:55|__total_inbound_traffic__|1|0|1|0|0|0|1|0
1676893714000|2023-02-20 19:48:34|core_service|1|0|1|0|32|0|1|0
1676893714000|2023-02-20 19:48:34|__total_inbound_traffic__|1|0|1|0|32|0|1|0
1676893963000|2023-02-20 19:52:43|core_service|1|0|1|0|36|0|1|0
1676893963000|2023-02-20 19:52:43|__total_inbound_traffic__|1|0|1|0|36|0|1|0
1676893986000|2023-02-20 19:53:06|core_service|1|0|0|0|0|0|1|0
1676893986000|2023-02-20 19:53:06|__total_inbound_traffic__|1|0|0|0|0|0|1|0
1676893987000|2023-02-20 19:53:07|core_service|0|0|1|0|936|0|0|0
1676893987000|2023-02-20 19:53:07|__total_inbound_traffic__|0|0|1|0|936|0|0|0
1676894068000|2023-02-20 19:54:28|core_service|1|0|1|0|16|0|1|0
1676894068000|2023-02-20 19:54:28|__total_inbound_traffic__|1|0|1|0|16|0|1|0
1676894102000|2023-02-20 19:55:02|core_service|1|0|0|0|0|0|1|0
1676894102000|2023-02-20 19:55:02|__total_inbound_traffic__|1|0|0|0|0|0|1|0
1676894103000|2023-02-20 19:55:03|core_service|0|0|1|0|230|0|0|0
1676894103000|2023-02-20 19:55:03|__total_inbound_traffic__|0|0|1|0|230|0|0|0
1676894111000|2023-02-20 19:55:11|core_service|1|0|1|0|39|0|1|0
1676894111000|2023-02-20 19:55:11|__total_inbound_traffic__|1|0|1|0|39|0|1|0
1676894149000|2023-02-20 19:55:49|core_service|1|0|1|0|0|0|1|0
1676894149000|2023-02-20 19:55:49|__total_inbound_traffic__|1|0|1|0|0|0|1|0
1676894207000|2023-02-20 19:56:47|core_service|1|0|1|0|0|0|1|0
1676894207000|2023-02-20 19:56:47|__total_inbound_traffic__|1|0|1|0|0|0|1|0
1676894213000|2023-02-20 19:56:53|core_service|1|0|1|0|1|0|1|0
1676894213000|2023-02-20 19:56:53|__total_inbound_traffic__|1|0|1|0|1|0|1|0
1676894230000|2023-02-20 19:57:10|core_service|1|0|1|0|250|0|1|0
1676894230000|2023-02-20 19:57:10|__total_inbound_traffic__|1|0|1|0|250|0|1|0
1676894323000|2023-02-20 19:58:43|core_service|1|0|1|0|16|0|1|0
1676894323000|2023-02-20 19:58:43|__total_inbound_traffic__|1|0|1|0|16|0|1|0
1676894383000|2023-02-20 19:59:43|core_service|1|0|1|0|0|0|1|0
1676894383000|2023-02-20 19:59:43|__total_inbound_traffic__|1|0|1|0|0|0|1|0
1676895407000|2023-02-20 20:16:47|interaction_service|1|0|1|0|89|0|1|0
1676895407000|2023-02-20 20:16:47|__total_inbound_traffic__|1|0|1|0|89|0|1|0
1676895539000|2023-02-20 20:18:59|interaction_service|1|0|1|0|55|0|1|0
1676895539000|2023-02-20 20:18:59|__total_inbound_traffic__|1|0|1|0|55|0|1|0
1676895556000|2023-02-20 20:19:16|interaction_service|1|0|1|0|44|0|1|0
1676895556000|2023-02-20 20:19:16|__total_inbound_traffic__|1|0|1|0|44|0|1|0
