1677153622000|2023-02-23 20:00:22|core_service|1|0|0|0|0|0|1|0
1677153622000|2023-02-23 20:00:22|__total_inbound_traffic__|1|0|0|0|0|0|1|0
1677153649000|2023-02-23 20:00:49|core_service|0|0|1|0|26959|0|0|0
1677153649000|2023-02-23 20:00:49|__total_inbound_traffic__|0|0|1|0|26959|0|0|0
1677153678000|2023-02-23 20:01:18|core_service|1|0|1|0|32|0|1|0
1677153678000|2023-02-23 20:01:18|__total_inbound_traffic__|1|0|1|0|32|0|1|0
1677153681000|2023-02-23 20:01:21|core_service|2|0|2|0|333|0|2|0
1677153681000|2023-02-23 20:01:21|interaction_service|1|0|1|0|442|0|1|0
1677153681000|2023-02-23 20:01:21|__total_inbound_traffic__|3|0|3|0|369|0|3|0
1677153682000|2023-02-23 20:01:22|interaction_service|1|0|1|0|265|0|1|0
1677153682000|2023-02-23 20:01:22|core_service|2|0|1|0|113|0|2|0
1677153682000|2023-02-23 20:01:22|__total_inbound_traffic__|3|0|2|0|189|0|3|0
1677153683000|2023-02-23 20:01:23|core_service|0|0|1|0|478|0|0|0
1677153683000|2023-02-23 20:01:23|__total_inbound_traffic__|0|0|1|0|478|0|0|0
