1677155103000|2023-02-23 20:25:03|core_service|1|0|1|0|46|0|1|0
1677155103000|2023-02-23 20:25:03|__total_inbound_traffic__|1|0|1|0|46|0|1|0
1677155117000|2023-02-23 20:25:17|core_service|1|0|1|0|915|0|1|0
1677155117000|2023-02-23 20:25:17|__total_inbound_traffic__|1|0|1|0|915|0|1|0
1677155258000|2023-02-23 20:27:38|core_service|1|0|0|0|0|0|1|0
1677155258000|2023-02-23 20:27:38|__total_inbound_traffic__|1|0|0|0|0|0|1|0
1677155259000|2023-02-23 20:27:39|core_service|0|0|1|0|51|0|0|0
1677155259000|2023-02-23 20:27:39|__total_inbound_traffic__|0|0|1|0|51|0|0|0
1677155266000|2023-02-23 20:27:46|core_service|1|0|1|0|379|0|1|0
1677155266000|2023-02-23 20:27:46|__total_inbound_traffic__|1|0|1|0|379|0|1|0
1677155278000|2023-02-23 20:27:58|society_service|1|0|0|0|0|0|1|0
1677155278000|2023-02-23 20:27:58|core_service|1|0|0|0|0|0|1|0
1677155278000|2023-02-23 20:27:58|__total_inbound_traffic__|2|0|0|0|0|0|2|0
1677155279000|2023-02-23 20:27:59|society_service|0|0|1|0|625|0|0|0
1677155279000|2023-02-23 20:27:59|interaction_service|1|0|1|0|298|0|1|0
1677155279000|2023-02-23 20:27:59|core_service|2|0|1|0|453|0|2|0
1677155279000|2023-02-23 20:27:59|__total_inbound_traffic__|3|0|3|0|458|0|3|0
1677155280000|2023-02-23 20:28:00|core_service|0|0|2|0|524|0|0|0
1677155280000|2023-02-23 20:28:00|__total_inbound_traffic__|0|0|2|0|524|0|0|0
1677155283000|2023-02-23 20:28:03|interaction_service|1|0|1|0|359|0|1|0
1677155283000|2023-02-23 20:28:03|core_service|1|0|1|0|619|0|1|0
1677155283000|2023-02-23 20:28:03|__total_inbound_traffic__|2|0|2|0|489|0|1|0
1677155284000|2023-02-23 20:28:04|interaction_service|1|0|1|0|224|0|1|0
1677155284000|2023-02-23 20:28:04|core_service|1|0|1|0|442|0|1|0
1677155284000|2023-02-23 20:28:04|__total_inbound_traffic__|2|0|2|0|333|0|2|0
1677155285000|2023-02-23 20:28:05|interaction_service|1|0|0|0|0|0|1|0
1677155285000|2023-02-23 20:28:05|core_service|2|0|0|0|0|0|2|0
1677155285000|2023-02-23 20:28:05|__total_inbound_traffic__|3|0|0|0|0|0|3|0
1677155286000|2023-02-23 20:28:06|interaction_service|0|0|1|0|386|0|0|0
1677155286000|2023-02-23 20:28:06|core_service|0|0|2|0|588|0|0|0
1677155286000|2023-02-23 20:28:06|__total_inbound_traffic__|0|0|3|0|521|0|0|0
1677155287000|2023-02-23 20:28:07|interaction_service|1|0|1|0|392|0|1|0
1677155287000|2023-02-23 20:28:07|core_service|1|0|1|0|617|0|1|0
1677155287000|2023-02-23 20:28:07|__total_inbound_traffic__|2|0|2|0|504|0|1|0
1677155288000|2023-02-23 20:28:08|interaction_service|1|0|1|0|887|0|1|0
1677155288000|2023-02-23 20:28:08|core_service|1|0|0|0|0|0|1|0
1677155288000|2023-02-23 20:28:08|__total_inbound_traffic__|2|0|1|0|887|0|2|0
1677155289000|2023-02-23 20:28:09|core_service|2|0|3|0|717|0|3|0
1677155289000|2023-02-23 20:28:09|interaction_service|1|0|1|0|267|0|1|0
1677155289000|2023-02-23 20:28:09|__total_inbound_traffic__|3|0|4|0|604|0|4|0
1677155291000|2023-02-23 20:28:11|interaction_service|1|0|1|0|274|0|1|0
1677155291000|2023-02-23 20:28:11|core_service|1|0|1|0|617|0|1|0
1677155291000|2023-02-23 20:28:11|__total_inbound_traffic__|2|0|2|0|445|0|2|0
1677155292000|2023-02-23 20:28:12|interaction_service|1|0|1|0|221|0|1|0
1677155292000|2023-02-23 20:28:12|core_service|1|0|1|0|441|0|1|0
1677155292000|2023-02-23 20:28:12|__total_inbound_traffic__|2|0|2|0|331|0|1|0
1677155294000|2023-02-23 20:28:14|interaction_service|1|0|0|0|0|0|1|0
1677155294000|2023-02-23 20:28:14|core_service|1|0|0|0|0|0|1|0
1677155294000|2023-02-23 20:28:14|__total_inbound_traffic__|2|0|0|0|0|0|2|0
1677155295000|2023-02-23 20:28:15|interaction_service|0|0|1|0|222|0|0|0
1677155295000|2023-02-23 20:28:15|core_service|0|0|1|0|449|0|0|0
1677155295000|2023-02-23 20:28:15|__total_inbound_traffic__|0|0|2|0|335|0|0|0
1677155316000|2023-02-23 20:28:36|society_service|1|0|1|0|136|0|1|0
1677155316000|2023-02-23 20:28:36|__total_inbound_traffic__|1|0|1|0|136|0|1|0
1677155317000|2023-02-23 20:28:37|interaction_service|1|0|1|0|233|0|1|0
1677155317000|2023-02-23 20:28:37|core_service|1|0|1|0|457|0|1|0
1677155317000|2023-02-23 20:28:37|__total_inbound_traffic__|2|0|2|0|345|0|2|0
1677155318000|2023-02-23 20:28:38|society_service|1|0|1|0|115|0|1|0
1677155318000|2023-02-23 20:28:38|__total_inbound_traffic__|1|0|1|0|115|0|1|0
1677155320000|2023-02-23 20:28:40|society_service|1|0|1|0|115|0|1|0
1677155320000|2023-02-23 20:28:40|__total_inbound_traffic__|1|0|1|0|115|0|1|0
1677155322000|2023-02-23 20:28:42|interaction_service|1|0|1|0|238|0|1|0
1677155322000|2023-02-23 20:28:42|core_service|1|0|1|0|461|0|1|0
1677155322000|2023-02-23 20:28:42|__total_inbound_traffic__|2|0|2|0|349|0|2|0
1677155325000|2023-02-23 20:28:45|society_service|1|0|1|0|494|0|1|0
1677155325000|2023-02-23 20:28:45|__total_inbound_traffic__|1|0|1|0|494|0|1|0
1677155327000|2023-02-23 20:28:47|society_service|1|0|1|0|213|0|1|0
1677155327000|2023-02-23 20:28:47|__total_inbound_traffic__|1|0|1|0|213|0|1|0
1677155328000|2023-02-23 20:28:48|society_service|1|0|1|0|93|0|1|0
1677155328000|2023-02-23 20:28:48|__total_inbound_traffic__|1|0|1|0|93|0|1|0
1677155329000|2023-02-23 20:28:49|society_service|1|0|1|0|83|0|1|0
1677155329000|2023-02-23 20:28:49|__total_inbound_traffic__|1|0|1|0|83|0|1|0
1677155330000|2023-02-23 20:28:50|society_service|1|0|1|0|84|0|1|0
1677155330000|2023-02-23 20:28:50|__total_inbound_traffic__|1|0|1|0|84|0|1|0
1677155331000|2023-02-23 20:28:51|society_service|1|0|1|0|95|0|1|0
1677155331000|2023-02-23 20:28:51|__total_inbound_traffic__|1|0|1|0|95|0|1|0
1677155333000|2023-02-23 20:28:53|society_service|1|0|1|0|87|0|1|0
1677155333000|2023-02-23 20:28:53|__total_inbound_traffic__|1|0|1|0|87|0|1|0
1677155334000|2023-02-23 20:28:54|society_service|1|0|1|0|82|0|1|0
1677155334000|2023-02-23 20:28:54|__total_inbound_traffic__|1|0|1|0|82|0|1|0
1677155335000|2023-02-23 20:28:55|society_service|1|0|1|0|80|0|1|0
1677155335000|2023-02-23 20:28:55|__total_inbound_traffic__|1|0|1|0|80|0|1|0
1677155336000|2023-02-23 20:28:56|society_service|1|0|1|0|78|0|1|0
1677155336000|2023-02-23 20:28:56|__total_inbound_traffic__|1|0|1|0|78|0|1|0
1677155337000|2023-02-23 20:28:57|society_service|1|0|1|0|221|0|1|0
1677155337000|2023-02-23 20:28:57|__total_inbound_traffic__|1|0|1|0|221|0|1|0
1677155338000|2023-02-23 20:28:58|society_service|1|0|0|0|0|0|1|0
1677155338000|2023-02-23 20:28:58|__total_inbound_traffic__|1|0|0|0|0|0|1|0
1677155339000|2023-02-23 20:28:59|society_service|0|0|1|0|84|0|0|0
1677155339000|2023-02-23 20:28:59|__total_inbound_traffic__|0|0|1|0|84|0|0|0
1677155340000|2023-02-23 20:29:00|society_service|1|0|1|0|92|0|1|0
1677155340000|2023-02-23 20:29:00|__total_inbound_traffic__|1|0|1|0|92|0|1|0
1677155341000|2023-02-23 20:29:01|society_service|1|0|1|0|82|0|1|0
1677155341000|2023-02-23 20:29:01|__total_inbound_traffic__|1|0|1|0|82|0|1|0
1677155342000|2023-02-23 20:29:02|society_service|1|0|1|0|88|0|1|0
1677155342000|2023-02-23 20:29:02|__total_inbound_traffic__|1|0|1|0|88|0|1|0
1677155343000|2023-02-23 20:29:03|society_service|2|0|2|0|80|0|1|0
1677155343000|2023-02-23 20:29:03|__total_inbound_traffic__|2|0|2|0|80|0|1|0
1677155344000|2023-02-23 20:29:04|society_service|1|0|1|0|80|0|1|0
1677155344000|2023-02-23 20:29:04|__total_inbound_traffic__|1|0|1|0|80|0|1|0
1677155345000|2023-02-23 20:29:05|society_service|1|0|1|0|80|0|1|0
1677155345000|2023-02-23 20:29:05|__total_inbound_traffic__|1|0|1|0|80|0|1|0
1677155346000|2023-02-23 20:29:06|society_service|1|0|1|0|74|0|1|0
1677155346000|2023-02-23 20:29:06|__total_inbound_traffic__|1|0|1|0|74|0|1|0
1677155347000|2023-02-23 20:29:07|society_service|1|0|1|0|70|0|1|0
1677155347000|2023-02-23 20:29:07|__total_inbound_traffic__|1|0|1|0|70|0|1|0
1677155348000|2023-02-23 20:29:08|society_service|1|0|0|0|0|0|1|0
1677155348000|2023-02-23 20:29:08|__total_inbound_traffic__|1|0|0|0|0|0|1|0
1677155349000|2023-02-23 20:29:09|society_service|0|0|1|0|112|0|0|0
1677155349000|2023-02-23 20:29:09|__total_inbound_traffic__|0|0|1|0|112|0|0|0
1677155350000|2023-02-23 20:29:10|society_service|1|0|1|0|139|0|1|0
1677155350000|2023-02-23 20:29:10|__total_inbound_traffic__|1|0|1|0|139|0|1|0
1677155351000|2023-02-23 20:29:11|society_service|1|0|1|0|79|0|1|0
1677155351000|2023-02-23 20:29:11|__total_inbound_traffic__|1|0|1|0|79|0|1|0
1677155352000|2023-02-23 20:29:12|society_service|1|0|1|0|77|0|1|0
1677155352000|2023-02-23 20:29:12|__total_inbound_traffic__|1|0|1|0|77|0|1|0
1677155353000|2023-02-23 20:29:13|society_service|1|0|1|0|74|0|1|0
1677155353000|2023-02-23 20:29:13|__total_inbound_traffic__|1|0|1|0|74|0|1|0
1677155354000|2023-02-23 20:29:14|society_service|1|0|1|0|85|0|1|0
1677155354000|2023-02-23 20:29:14|__total_inbound_traffic__|1|0|1|0|85|0|1|0
1677155355000|2023-02-23 20:29:15|society_service|1|0|1|0|93|0|1|0
1677155355000|2023-02-23 20:29:15|__total_inbound_traffic__|1|0|1|0|93|0|1|0
1677155356000|2023-02-23 20:29:16|society_service|1|0|1|0|77|0|1|0
1677155356000|2023-02-23 20:29:16|__total_inbound_traffic__|1|0|1|0|77|0|1|0
1677155357000|2023-02-23 20:29:17|society_service|1|0|1|0|81|0|1|0
1677155357000|2023-02-23 20:29:17|__total_inbound_traffic__|1|0|1|0|81|0|1|0
1677155358000|2023-02-23 20:29:18|society_service|1|0|1|0|78|0|1|0
1677155358000|2023-02-23 20:29:18|__total_inbound_traffic__|1|0|1|0|78|0|1|0
1677155359000|2023-02-23 20:29:19|society_service|1|0|0|0|0|0|1|0
1677155359000|2023-02-23 20:29:19|__total_inbound_traffic__|1|0|0|0|0|0|1|0
1677155360000|2023-02-23 20:29:20|society_service|0|0|1|0|83|0|0|0
1677155360000|2023-02-23 20:29:20|__total_inbound_traffic__|0|0|1|0|83|0|0|0
1677155361000|2023-02-23 20:29:21|society_service|1|0|1|0|100|0|1|0
1677155361000|2023-02-23 20:29:21|__total_inbound_traffic__|1|0|1|0|100|0|1|0
1677155362000|2023-02-23 20:29:22|society_service|1|0|1|0|120|0|1|0
1677155362000|2023-02-23 20:29:22|__total_inbound_traffic__|1|0|1|0|120|0|1|0
1677155363000|2023-02-23 20:29:23|society_service|1|0|1|0|81|0|1|0
1677155363000|2023-02-23 20:29:23|__total_inbound_traffic__|1|0|1|0|81|0|1|0
1677155364000|2023-02-23 20:29:24|society_service|1|0|1|0|74|0|1|0
1677155364000|2023-02-23 20:29:24|__total_inbound_traffic__|1|0|1|0|74|0|1|0
1677155365000|2023-02-23 20:29:25|society_service|1|0|1|0|84|0|1|0
1677155365000|2023-02-23 20:29:25|__total_inbound_traffic__|1|0|1|0|84|0|1|0
1677155366000|2023-02-23 20:29:26|society_service|1|0|1|0|81|0|1|0
1677155366000|2023-02-23 20:29:26|__total_inbound_traffic__|1|0|1|0|81|0|1|0
1677155367000|2023-02-23 20:29:27|society_service|1|0|1|0|75|0|1|0
1677155367000|2023-02-23 20:29:27|__total_inbound_traffic__|1|0|1|0|75|0|1|0
1677155369000|2023-02-23 20:29:29|society_service|1|0|1|0|79|0|1|0
1677155369000|2023-02-23 20:29:29|__total_inbound_traffic__|1|0|1|0|79|0|1|0
1677155370000|2023-02-23 20:29:30|society_service|1|0|1|0|76|0|1|0
1677155370000|2023-02-23 20:29:30|__total_inbound_traffic__|1|0|1|0|76|0|1|0
1677155371000|2023-02-23 20:29:31|society_service|1|0|1|0|78|0|1|0
1677155371000|2023-02-23 20:29:31|__total_inbound_traffic__|1|0|1|0|78|0|1|0
1677155372000|2023-02-23 20:29:32|society_service|1|0|1|0|81|0|1|0
1677155372000|2023-02-23 20:29:32|__total_inbound_traffic__|1|0|1|0|81|0|1|0
1677155373000|2023-02-23 20:29:33|society_service|1|0|1|0|76|0|1|0
1677155373000|2023-02-23 20:29:33|__total_inbound_traffic__|1|0|1|0|76|0|1|0
1677155374000|2023-02-23 20:29:34|society_service|1|0|1|0|83|0|1|0
1677155374000|2023-02-23 20:29:34|__total_inbound_traffic__|1|0|1|0|83|0|1|0
1677155375000|2023-02-23 20:29:35|society_service|1|0|1|0|96|0|1|0
1677155375000|2023-02-23 20:29:35|__total_inbound_traffic__|1|0|1|0|96|0|1|0
1677155376000|2023-02-23 20:29:36|society_service|1|0|1|0|76|0|1|0
1677155376000|2023-02-23 20:29:36|__total_inbound_traffic__|1|0|1|0|76|0|1|0
1677155377000|2023-02-23 20:29:37|society_service|1|0|1|0|75|0|1|0
1677155377000|2023-02-23 20:29:37|__total_inbound_traffic__|1|0|1|0|75|0|1|0
1677155378000|2023-02-23 20:29:38|society_service|1|0|0|0|0|0|1|0
1677155378000|2023-02-23 20:29:38|__total_inbound_traffic__|1|0|0|0|0|0|1|0
1677155379000|2023-02-23 20:29:39|society_service|0|0|1|0|128|0|0|0
1677155379000|2023-02-23 20:29:39|__total_inbound_traffic__|0|0|1|0|128|0|0|0
1677155380000|2023-02-23 20:29:40|society_service|1|0|1|0|78|0|1|0
1677155380000|2023-02-23 20:29:40|__total_inbound_traffic__|1|0|1|0|78|0|1|0
1677155381000|2023-02-23 20:29:41|society_service|1|0|1|0|76|0|1|0
1677155381000|2023-02-23 20:29:41|__total_inbound_traffic__|1|0|1|0|76|0|1|0
1677155382000|2023-02-23 20:29:42|society_service|1|0|1|0|80|0|1|0
1677155382000|2023-02-23 20:29:42|__total_inbound_traffic__|1|0|1|0|80|0|1|0
1677155383000|2023-02-23 20:29:43|society_service|1|0|1|0|77|0|1|0
1677155383000|2023-02-23 20:29:43|__total_inbound_traffic__|1|0|1|0|77|0|1|0
1677155384000|2023-02-23 20:29:44|society_service|1|0|1|0|87|0|1|0
1677155384000|2023-02-23 20:29:44|__total_inbound_traffic__|1|0|1|0|87|0|1|0
1677155385000|2023-02-23 20:29:45|society_service|1|0|1|0|77|0|1|0
1677155385000|2023-02-23 20:29:45|__total_inbound_traffic__|1|0|1|0|77|0|1|0
1677155386000|2023-02-23 20:29:46|society_service|1|0|1|0|79|0|1|0
1677155386000|2023-02-23 20:29:46|__total_inbound_traffic__|1|0|1|0|79|0|1|0
1677155387000|2023-02-23 20:29:47|society_service|1|0|0|0|0|0|1|0
1677155387000|2023-02-23 20:29:47|__total_inbound_traffic__|1|0|0|0|0|0|1|0
1677155388000|2023-02-23 20:29:48|society_service|0|0|1|0|73|0|0|0
1677155388000|2023-02-23 20:29:48|__total_inbound_traffic__|0|0|1|0|73|0|0|0
1677155389000|2023-02-23 20:29:49|society_service|1|0|1|0|78|0|1|0
1677155389000|2023-02-23 20:29:49|__total_inbound_traffic__|1|0|1|0|78|0|1|0
1677155390000|2023-02-23 20:29:50|society_service|1|0|1|0|80|0|1|0
1677155390000|2023-02-23 20:29:50|__total_inbound_traffic__|1|0|1|0|80|0|1|0
1677155391000|2023-02-23 20:29:51|society_service|1|0|1|0|74|0|1|0
1677155391000|2023-02-23 20:29:51|__total_inbound_traffic__|1|0|1|0|74|0|1|0
1677155392000|2023-02-23 20:29:52|society_service|2|0|2|0|107|0|2|0
1677155392000|2023-02-23 20:29:52|__total_inbound_traffic__|2|0|2|0|107|0|2|0
1677155396000|2023-02-23 20:29:56|interaction_service|2|0|1|0|404|0|1|0
1677155396000|2023-02-23 20:29:56|core_service|2|0|0|0|0|0|2|0
1677155396000|2023-02-23 20:29:56|__total_inbound_traffic__|4|0|1|0|404|0|3|0
1677155397000|2023-02-23 20:29:57|interaction_service|1|0|2|0|372|0|1|0
1677155397000|2023-02-23 20:29:57|core_service|1|0|2|0|926|0|2|0
1677155397000|2023-02-23 20:29:57|__total_inbound_traffic__|2|0|4|0|649|0|3|0
1677155398000|2023-02-23 20:29:58|interaction_service|1|0|0|0|0|0|1|0
1677155398000|2023-02-23 20:29:58|core_service|1|0|1|0|900|0|1|0
1677155398000|2023-02-23 20:29:58|__total_inbound_traffic__|2|0|1|0|900|0|2|0
1677155399000|2023-02-23 20:29:59|interaction_service|2|0|3|0|352|0|2|0
1677155399000|2023-02-23 20:29:59|core_service|2|0|2|0|839|0|2|0
1677155399000|2023-02-23 20:29:59|__total_inbound_traffic__|4|0|5|0|547|0|4|0
1677155400000|2023-02-23 20:30:00|interaction_service|2|0|1|0|324|0|1|0
1677155400000|2023-02-23 20:30:00|core_service|2|0|1|0|481|0|2|0
1677155400000|2023-02-23 20:30:00|__total_inbound_traffic__|4|0|2|0|402|0|3|0
1677155401000|2023-02-23 20:30:01|interaction_service|0|0|1|0|403|0|0|0
1677155401000|2023-02-23 20:30:01|core_service|1|0|3|0|640|0|1|0
1677155401000|2023-02-23 20:30:01|__total_inbound_traffic__|1|0|4|0|581|0|1|0
1677155402000|2023-02-23 20:30:02|interaction_service|1|0|0|0|0|0|1|0
1677155402000|2023-02-23 20:30:02|core_service|2|0|0|0|0|0|2|0
1677155402000|2023-02-23 20:30:02|__total_inbound_traffic__|3|0|0|0|0|0|3|0
1677155403000|2023-02-23 20:30:03|interaction_service|0|0|1|0|471|0|0|0
1677155403000|2023-02-23 20:30:03|core_service|0|0|2|0|699|0|0|0
1677155403000|2023-02-23 20:30:03|__total_inbound_traffic__|0|0|3|0|623|0|0|0
1677155421000|2023-02-23 20:30:21|core_service|1|0|1|0|251|0|1|0
1677155421000|2023-02-23 20:30:21|__total_inbound_traffic__|1|0|1|0|251|0|1|0
1677155422000|2023-02-23 20:30:22|interaction_service|1|0|0|0|0|0|1|0
1677155422000|2023-02-23 20:30:22|core_service|2|0|0|0|0|0|2|0
1677155422000|2023-02-23 20:30:22|__total_inbound_traffic__|3|0|0|0|0|0|3|0
1677155423000|2023-02-23 20:30:23|interaction_service|0|0|1|0|1090|0|0|0
1677155423000|2023-02-23 20:30:23|core_service|0|0|2|0|1231|0|0|0
1677155423000|2023-02-23 20:30:23|__total_inbound_traffic__|0|0|3|0|1184|0|0|0
1677155426000|2023-02-23 20:30:26|interaction_service|1|0|0|0|0|0|1|0
1677155426000|2023-02-23 20:30:26|core_service|1|0|0|0|0|0|1|0
1677155426000|2023-02-23 20:30:26|__total_inbound_traffic__|2|0|0|0|0|0|2|0
1677155427000|2023-02-23 20:30:27|interaction_service|0|0|1|0|227|0|0|0
1677155427000|2023-02-23 20:30:27|core_service|0|0|1|0|365|0|0|0
1677155427000|2023-02-23 20:30:27|__total_inbound_traffic__|0|0|2|0|296|0|0|0
1677155429000|2023-02-23 20:30:29|core_service|1|0|0|0|0|0|1|0
1677155429000|2023-02-23 20:30:29|__total_inbound_traffic__|1|0|0|0|0|0|1|0
1677155430000|2023-02-23 20:30:30|interaction_service|1|0|1|0|0|0|1|0
1677155430000|2023-02-23 20:30:30|core_service|2|0|3|0|196|0|1|0
1677155430000|2023-02-23 20:30:30|__total_inbound_traffic__|3|0|4|0|147|0|2|0
1677155437000|2023-02-23 20:30:37|core_service|1|0|1|0|191|0|1|0
1677155437000|2023-02-23 20:30:37|__total_inbound_traffic__|1|0|1|0|191|0|1|0
1677155438000|2023-02-23 20:30:38|interaction_service|1|0|1|0|0|0|1|0
1677155438000|2023-02-23 20:30:38|core_service|2|0|2|0|141|0|1|0
1677155438000|2023-02-23 20:30:38|__total_inbound_traffic__|3|0|3|0|94|0|2|0
1677155531000|2023-02-23 20:32:11|core_service|1|0|1|0|379|0|1|0
1677155531000|2023-02-23 20:32:11|__total_inbound_traffic__|1|0|1|0|379|0|1|0
1677155537000|2023-02-23 20:32:17|core_service|1|0|0|0|0|0|1|0
1677155537000|2023-02-23 20:32:17|__total_inbound_traffic__|1|0|0|0|0|0|1|0
1677155538000|2023-02-23 20:32:18|core_service|0|0|1|0|177|0|0|0
1677155538000|2023-02-23 20:32:18|__total_inbound_traffic__|0|0|1|0|177|0|0|0
1677155539000|2023-02-23 20:32:19|core_service|1|0|1|0|158|0|1|0
1677155539000|2023-02-23 20:32:19|__total_inbound_traffic__|1|0|1|0|158|0|1|0
1677155541000|2023-02-23 20:32:21|core_service|1|0|0|0|0|0|1|0
1677155541000|2023-02-23 20:32:21|__total_inbound_traffic__|1|0|0|0|0|0|1|0
1677155542000|2023-02-23 20:32:22|core_service|1|0|2|0|109|0|1|0
1677155542000|2023-02-23 20:32:22|__total_inbound_traffic__|1|0|2|0|109|0|1|0
1677155544000|2023-02-23 20:32:24|core_service|2|0|2|0|115|0|1|0
1677155544000|2023-02-23 20:32:24|__total_inbound_traffic__|2|0|2|0|115|0|1|0
1677155594000|2023-02-23 20:33:14|core_service|1|0|0|0|0|0|1|0
1677155594000|2023-02-23 20:33:14|__total_inbound_traffic__|1|0|0|0|0|0|1|0
1677155595000|2023-02-23 20:33:15|core_service|0|0|1|0|144|0|0|0
1677155595000|2023-02-23 20:33:15|__total_inbound_traffic__|0|0|1|0|144|0|0|0
1677155748000|2023-02-23 20:35:48|core_service|1|0|1|0|284|0|1|0
1677155748000|2023-02-23 20:35:48|__total_inbound_traffic__|1|0|1|0|284|0|1|0
1677155749000|2023-02-23 20:35:49|interaction_service|1|0|1|0|1|0|1|0
1677155749000|2023-02-23 20:35:49|core_service|2|0|2|0|283|0|2|0
1677155749000|2023-02-23 20:35:49|__total_inbound_traffic__|3|0|3|0|189|0|2|0
1677155764000|2023-02-23 20:36:04|core_service|2|0|2|0|117|0|1|0
1677155764000|2023-02-23 20:36:04|__total_inbound_traffic__|2|0|2|0|117|0|1|0
1677155768000|2023-02-23 20:36:08|core_service|1|0|1|0|132|0|1|0
1677155768000|2023-02-23 20:36:08|__total_inbound_traffic__|1|0|1|0|132|0|1|0
1677155779000|2023-02-23 20:36:19|core_service|1|0|0|0|0|0|1|0
1677155779000|2023-02-23 20:36:19|__total_inbound_traffic__|1|0|0|0|0|0|1|0
1677155780000|2023-02-23 20:36:20|core_service|0|0|1|0|61|0|0|0
1677155780000|2023-02-23 20:36:20|__total_inbound_traffic__|0|0|1|0|61|0|0|0
