1676898748000|2023-02-20 21:12:28|interaction_service|1|0|1|0|152|0|1|0
1676898748000|2023-02-20 21:12:28|__total_inbound_traffic__|1|0|1|0|152|0|1|0
1676898777000|2023-02-20 21:12:57|interaction_service|1|0|0|0|0|0|1|0
1676898777000|2023-02-20 21:12:57|__total_inbound_traffic__|1|0|0|0|0|0|1|0
1676898778000|2023-02-20 21:12:58|interaction_service|0|0|1|0|803|0|0|0
1676898778000|2023-02-20 21:12:58|__total_inbound_traffic__|0|0|1|0|803|0|0|0
1676898862000|2023-02-20 21:14:22|interaction_service|1|0|1|0|1|0|1|0
1676898862000|2023-02-20 21:14:22|__total_inbound_traffic__|1|0|1|0|1|0|1|0
1676898887000|2023-02-20 21:14:47|interaction_service|1|0|1|0|0|0|1|0
1676898887000|2023-02-20 21:14:47|__total_inbound_traffic__|1|0|1|0|0|0|1|0
1676898928000|2023-02-20 21:15:28|interaction_service|1|0|1|0|1|0|1|0
1676898928000|2023-02-20 21:15:28|__total_inbound_traffic__|1|0|1|0|1|0|1|0
1676899054000|2023-02-20 21:17:34|core_service|1|0|0|0|0|0|1|0
1676899054000|2023-02-20 21:17:34|__total_inbound_traffic__|1|0|0|0|0|0|1|0
1676899055000|2023-02-20 21:17:35|core_service|0|0|1|0|625|0|0|0
1676899055000|2023-02-20 21:17:35|__total_inbound_traffic__|0|0|1|0|625|0|0|0
1676899134000|2023-02-20 21:18:54|core_service|1|0|1|0|221|0|1|0
1676899134000|2023-02-20 21:18:54|__total_inbound_traffic__|1|0|1|0|221|0|1|0
1676899232000|2023-02-20 21:20:32|interaction_service|1|0|0|0|0|0|1|0
1676899232000|2023-02-20 21:20:32|__total_inbound_traffic__|1|0|0|0|0|0|1|0
1676899233000|2023-02-20 21:20:33|interaction_service|0|0|1|0|1011|0|0|0
1676899233000|2023-02-20 21:20:33|__total_inbound_traffic__|0|0|1|0|1011|0|0|0
1676899614000|2023-02-20 21:26:54|interaction_service|1|0|1|0|0|0|1|0
1676899614000|2023-02-20 21:26:54|__total_inbound_traffic__|1|0|1|0|0|0|1|0
1676899697000|2023-02-20 21:28:17|interaction_service|1|0|1|0|1|0|1|0
1676899697000|2023-02-20 21:28:17|__total_inbound_traffic__|1|0|1|0|1|0|1|0
