1677156667000|2023-02-23 20:51:07|core_service|1|0|0|0|0|0|1|0
1677156667000|2023-02-23 20:51:07|__total_inbound_traffic__|1|0|0|0|0|0|1|0
1677156668000|2023-02-23 20:51:08|core_service|0|0|1|0|905|0|0|0
1677156668000|2023-02-23 20:51:08|__total_inbound_traffic__|0|0|1|0|905|0|0|0
1677156669000|2023-02-23 20:51:09|interaction_service|1|0|1|0|0|0|1|0
1677156669000|2023-02-23 20:51:09|core_service|2|0|1|0|2|0|1|0
1677156669000|2023-02-23 20:51:09|__total_inbound_traffic__|3|0|2|0|1|0|1|0
1677156670000|2023-02-23 20:51:10|core_service|0|0|1|0|180|0|0|0
1677156670000|2023-02-23 20:51:10|__total_inbound_traffic__|0|0|1|0|180|0|0|0
1677156714000|2023-02-23 20:51:54|core_service|1|0|1|0|78|0|1|0
1677156714000|2023-02-23 20:51:54|__total_inbound_traffic__|1|0|1|0|78|0|1|0
1677156718000|2023-02-23 20:51:58|core_service|1|0|1|0|20|0|1|0
1677156718000|2023-02-23 20:51:58|__total_inbound_traffic__|1|0|1|0|20|0|1|0
1677156830000|2023-02-23 20:53:50|core_service|1|0|1|0|179|0|1|0
1677156830000|2023-02-23 20:53:50|__total_inbound_traffic__|1|0|1|0|179|0|1|0
1677156831000|2023-02-23 20:53:51|core_service|2|0|1|0|152|0|1|0
1677156831000|2023-02-23 20:53:51|__total_inbound_traffic__|2|0|1|0|152|0|1|0
1677156832000|2023-02-23 20:53:52|interaction_service|1|0|1|0|289|0|1|0
1677156832000|2023-02-23 20:53:52|core_service|0|0|1|0|31|0|0|0
1677156832000|2023-02-23 20:53:52|__total_inbound_traffic__|1|0|2|0|160|0|2|0
1677156853000|2023-02-23 20:54:13|core_service|1|0|0|0|0|0|1|0
1677156853000|2023-02-23 20:54:13|__total_inbound_traffic__|1|0|0|0|0|0|1|0
1677156855000|2023-02-23 20:54:15|core_service|0|0|1|0|1646|0|0|0
1677156855000|2023-02-23 20:54:15|__total_inbound_traffic__|0|0|1|0|1646|0|0|0
1677156856000|2023-02-23 20:54:16|core_service|1|0|1|0|581|0|1|0
1677156856000|2023-02-23 20:54:16|interaction_service|1|0|1|0|37|0|1|0
1677156856000|2023-02-23 20:54:16|__total_inbound_traffic__|2|0|2|0|309|0|2|0
1677156863000|2023-02-23 20:54:23|core_service|1|0|1|0|463|0|1|0
1677156863000|2023-02-23 20:54:23|__total_inbound_traffic__|1|0|1|0|463|0|1|0
1677156864000|2023-02-23 20:54:24|core_service|2|0|1|0|370|0|2|0
1677156864000|2023-02-23 20:54:24|interaction_service|1|0|1|0|87|0|1|0
1677156864000|2023-02-23 20:54:24|__total_inbound_traffic__|3|0|2|0|228|0|3|0
1677156865000|2023-02-23 20:54:25|core_service|0|0|1|0|580|0|0|0
1677156865000|2023-02-23 20:54:25|__total_inbound_traffic__|0|0|1|0|580|0|0|0
1677156867000|2023-02-23 20:54:27|core_service|1|0|1|0|257|0|1|0
1677156867000|2023-02-23 20:54:27|interaction_service|1|0|1|0|1|0|1|0
1677156867000|2023-02-23 20:54:27|__total_inbound_traffic__|2|0|2|0|129|0|2|0
1677156868000|2023-02-23 20:54:28|core_service|1|0|1|0|249|0|1|0
1677156868000|2023-02-23 20:54:28|interaction_service|1|0|1|0|1|0|1|0
1677156868000|2023-02-23 20:54:28|__total_inbound_traffic__|2|0|2|0|125|0|1|0
1677156871000|2023-02-23 20:54:31|interaction_service|2|0|2|0|8|0|1|0
1677156871000|2023-02-23 20:54:31|core_service|2|0|2|0|259|0|1|0
1677156871000|2023-02-23 20:54:31|__total_inbound_traffic__|4|0|4|0|133|0|2|0
1677156874000|2023-02-23 20:54:34|interaction_service|1|0|1|0|134|0|1|0
1677156874000|2023-02-23 20:54:34|__total_inbound_traffic__|1|0|1|0|134|0|1|0
1677156877000|2023-02-23 20:54:37|interaction_service|1|0|1|0|74|0|1|0
1677156877000|2023-02-23 20:54:37|__total_inbound_traffic__|1|0|1|0|74|0|1|0
1677156885000|2023-02-23 20:54:45|interaction_service|1|0|1|0|171|0|1|0
1677156885000|2023-02-23 20:54:45|__total_inbound_traffic__|1|0|1|0|171|0|1|0
1677156893000|2023-02-23 20:54:53|interaction_service|1|0|1|0|1|0|1|0
1677156893000|2023-02-23 20:54:53|core_service|1|0|1|0|531|0|1|0
1677156893000|2023-02-23 20:54:53|__total_inbound_traffic__|2|0|2|0|266|0|2|0
1677156896000|2023-02-23 20:54:56|society_service|1|0|1|0|421|0|1|0
1677156896000|2023-02-23 20:54:56|__total_inbound_traffic__|1|0|1|0|421|0|1|0
1677156903000|2023-02-23 20:55:03|interaction_service|2|0|2|0|0|0|1|0
1677156903000|2023-02-23 20:55:03|core_service|2|0|1|0|549|0|1|0
1677156903000|2023-02-23 20:55:03|__total_inbound_traffic__|4|0|3|0|183|0|2|0
1677156904000|2023-02-23 20:55:04|core_service|0|0|1|0|386|0|0|0
1677156904000|2023-02-23 20:55:04|__total_inbound_traffic__|0|0|1|0|386|0|0|0
1677156905000|2023-02-23 20:55:05|interaction_service|1|0|1|0|141|0|1|0
1677156905000|2023-02-23 20:55:05|core_service|3|0|3|0|352|0|2|0
1677156905000|2023-02-23 20:55:05|society_service|1|0|1|0|189|0|1|0
1677156905000|2023-02-23 20:55:05|__total_inbound_traffic__|5|0|5|0|277|0|3|0
1677156907000|2023-02-23 20:55:07|core_service|1|0|1|0|176|0|1|0
1677156907000|2023-02-23 20:55:07|interaction_service|1|0|1|0|128|0|1|0
1677156907000|2023-02-23 20:55:07|__total_inbound_traffic__|2|0|2|0|152|0|2|0
1677156911000|2023-02-23 20:55:11|interaction_service|1|0|1|0|0|0|1|0
1677156911000|2023-02-23 20:55:11|core_service|3|0|3|0|230|0|1|0
1677156911000|2023-02-23 20:55:11|__total_inbound_traffic__|4|0|4|0|172|0|1|0
1677156927000|2023-02-23 20:55:27|core_service|2|0|1|0|294|0|1|0
1677156927000|2023-02-23 20:55:27|__total_inbound_traffic__|2|0|1|0|294|0|1|0
1677156928000|2023-02-23 20:55:28|interaction_service|1|0|1|0|369|0|1|0
1677156928000|2023-02-23 20:55:28|core_service|1|0|2|0|405|0|1|0
1677156928000|2023-02-23 20:55:28|__total_inbound_traffic__|2|0|3|0|393|0|2|0
1677156941000|2023-02-23 20:55:41|society_service|1|0|1|0|91|0|1|0
1677156941000|2023-02-23 20:55:41|__total_inbound_traffic__|1|0|1|0|91|0|1|0
1677156942000|2023-02-23 20:55:42|society_service|1|0|1|0|105|0|1|0
1677156942000|2023-02-23 20:55:42|__total_inbound_traffic__|1|0|1|0|105|0|1|0
1677156963000|2023-02-23 20:56:03|interaction_service|1|0|0|0|0|0|1|0
1677156963000|2023-02-23 20:56:03|core_service|1|0|0|0|0|0|1|0
1677156963000|2023-02-23 20:56:03|__total_inbound_traffic__|2|0|0|0|0|0|2|0
1677156964000|2023-02-23 20:56:04|interaction_service|1|0|2|0|597|0|2|0
1677156964000|2023-02-23 20:56:04|core_service|1|0|2|0|737|0|2|0
1677156964000|2023-02-23 20:56:04|__total_inbound_traffic__|2|0|4|0|667|0|4|0
1677156987000|2023-02-23 20:56:27|core_service|1|0|0|0|0|0|1|0
1677156987000|2023-02-23 20:56:27|__total_inbound_traffic__|1|0|0|0|0|0|1|0
1677156988000|2023-02-23 20:56:28|core_service|0|0|1|0|137|0|0|0
1677156988000|2023-02-23 20:56:28|__total_inbound_traffic__|0|0|1|0|137|0|0|0
1677157011000|2023-02-23 20:56:51|core_service|1|0|1|0|387|0|1|0
1677157011000|2023-02-23 20:56:51|__total_inbound_traffic__|1|0|1|0|387|0|1|0
1677157115000|2023-02-23 20:58:35|core_service|1|0|1|0|283|0|1|0
1677157115000|2023-02-23 20:58:35|__total_inbound_traffic__|1|0|1|0|283|0|1|0
1677157373000|2023-02-23 21:02:53|interaction_service|1|0|1|0|290|0|1|0
1677157373000|2023-02-23 21:02:53|core_service|1|0|0|0|0|0|1|0
1677157373000|2023-02-23 21:02:53|__total_inbound_traffic__|2|0|1|0|290|0|2|0
1677157374000|2023-02-23 21:02:54|core_service|0|0|1|0|481|0|0|0
1677157374000|2023-02-23 21:02:54|__total_inbound_traffic__|0|0|1|0|481|0|0|0
1677157442000|2023-02-23 21:04:02|core_service|3|0|1|0|298|0|2|0
1677157442000|2023-02-23 21:04:02|society_service|1|0|1|0|147|0|1|0
1677157442000|2023-02-23 21:04:02|interaction_service|1|0|0|0|0|0|1|0
1677157442000|2023-02-23 21:04:02|__total_inbound_traffic__|5|0|2|0|222|0|3|0
1677157443000|2023-02-23 21:04:03|interaction_service|0|0|1|0|255|0|0|0
1677157443000|2023-02-23 21:04:03|core_service|0|0|2|0|404|0|0|0
1677157443000|2023-02-23 21:04:03|__total_inbound_traffic__|0|0|3|0|354|0|0|0
1677157444000|2023-02-23 21:04:04|interaction_service|1|0|0|0|0|0|1|0
1677157444000|2023-02-23 21:04:04|core_service|1|0|0|0|0|0|1|0
1677157444000|2023-02-23 21:04:04|__total_inbound_traffic__|2|0|0|0|0|0|2|0
1677157445000|2023-02-23 21:04:05|interaction_service|0|0|1|0|211|0|0|0
1677157445000|2023-02-23 21:04:05|core_service|0|0|1|0|349|0|0|0
1677157445000|2023-02-23 21:04:05|__total_inbound_traffic__|0|0|2|0|280|0|0|0
1677157451000|2023-02-23 21:04:11|society_service|1|0|1|0|96|0|1|0
1677157451000|2023-02-23 21:04:11|__total_inbound_traffic__|1|0|1|0|96|0|1|0
1677157453000|2023-02-23 21:04:13|society_service|1|0|1|0|365|0|1|0
1677157453000|2023-02-23 21:04:13|__total_inbound_traffic__|1|0|1|0|365|0|1|0
1677157455000|2023-02-23 21:04:15|interaction_service|1|0|1|0|300|0|1|0
1677157455000|2023-02-23 21:04:15|core_service|1|0|1|0|600|0|1|0
1677157455000|2023-02-23 21:04:15|__total_inbound_traffic__|2|0|2|0|450|0|2|0
1677157463000|2023-02-23 21:04:23|core_service|1|0|0|0|0|0|1|0
1677157463000|2023-02-23 21:04:23|__total_inbound_traffic__|1|0|0|0|0|0|1|0
1677157464000|2023-02-23 21:04:24|interaction_service|2|0|2|0|0|0|1|0
1677157464000|2023-02-23 21:04:24|core_service|3|0|4|0|173|0|1|0
1677157464000|2023-02-23 21:04:24|__total_inbound_traffic__|5|0|6|0|115|0|2|0
1677157472000|2023-02-23 21:04:32|core_service|1|0|1|0|136|0|1|0
1677157472000|2023-02-23 21:04:32|__total_inbound_traffic__|1|0|1|0|136|0|1|0
1677157473000|2023-02-23 21:04:33|interaction_service|1|0|1|0|437|0|1|0
1677157473000|2023-02-23 21:04:33|core_service|2|0|2|0|342|0|1|0
1677157473000|2023-02-23 21:04:33|__total_inbound_traffic__|3|0|3|0|373|0|2|0
1677157480000|2023-02-23 21:04:40|interaction_service|2|0|2|0|0|0|1|0
1677157480000|2023-02-23 21:04:40|core_service|4|0|4|0|135|0|1|0
1677157480000|2023-02-23 21:04:40|__total_inbound_traffic__|6|0|6|0|90|0|1|0
1677157488000|2023-02-23 21:04:48|core_service|3|0|3|0|83|0|1|0
1677157488000|2023-02-23 21:04:48|interaction_service|1|0|1|0|24|0|1|0
1677157488000|2023-02-23 21:04:48|__total_inbound_traffic__|4|0|4|0|68|0|2|0
1677157505000|2023-02-23 21:05:05|interaction_service|1|0|0|0|0|0|1|0
1677157505000|2023-02-23 21:05:05|core_service|1|0|0|0|0|0|1|0
1677157505000|2023-02-23 21:05:05|__total_inbound_traffic__|2|0|0|0|0|0|2|0
1677157506000|2023-02-23 21:05:06|interaction_service|0|0|1|0|35|0|0|0
1677157506000|2023-02-23 21:05:06|core_service|0|0|1|0|59|0|0|0
1677157506000|2023-02-23 21:05:06|__total_inbound_traffic__|0|0|2|0|47|0|0|0
1677157548000|2023-02-23 21:05:48|core_service|1|0|1|0|149|0|1|0
1677157548000|2023-02-23 21:05:48|__total_inbound_traffic__|1|0|1|0|149|0|1|0
1677157568000|2023-02-23 21:06:08|core_service|1|0|1|0|252|0|1|0
1677157568000|2023-02-23 21:06:08|__total_inbound_traffic__|1|0|1|0|252|0|1|0
1677157586000|2023-02-23 21:06:26|interaction_service|1|0|1|0|19|0|1|0
1677157586000|2023-02-23 21:06:26|core_service|1|0|1|0|28|0|1|0
1677157586000|2023-02-23 21:06:26|__total_inbound_traffic__|2|0|2|0|23|0|2|0
1677157589000|2023-02-23 21:06:29|interaction_service|1|0|1|0|1|0|1|0
1677157589000|2023-02-23 21:06:29|core_service|3|0|2|0|115|0|1|0
1677157589000|2023-02-23 21:06:29|__total_inbound_traffic__|4|0|3|0|77|0|1|0
1677157590000|2023-02-23 21:06:30|core_service|0|0|1|0|186|0|0|0
1677157590000|2023-02-23 21:06:30|__total_inbound_traffic__|0|0|1|0|186|0|0|0
1677157600000|2023-02-23 21:06:40|core_service|1|0|1|0|198|0|1|0
1677157600000|2023-02-23 21:06:40|__total_inbound_traffic__|1|0|1|0|198|0|1|0
1677157601000|2023-02-23 21:06:41|core_service|2|0|1|0|1|0|2|0
1677157601000|2023-02-23 21:06:41|interaction_service|1|0|1|0|1|0|1|0
1677157601000|2023-02-23 21:06:41|__total_inbound_traffic__|3|0|2|0|1|0|3|0
1677157602000|2023-02-23 21:06:42|core_service|0|0|1|0|554|0|0|0
1677157602000|2023-02-23 21:06:42|__total_inbound_traffic__|0|0|1|0|554|0|0|0
1677157614000|2023-02-23 21:06:54|core_service|3|0|2|0|120|0|1|0
1677157614000|2023-02-23 21:06:54|__total_inbound_traffic__|3|0|2|0|120|0|1|0
1677157615000|2023-02-23 21:06:55|interaction_service|1|0|1|0|17|0|1|0
1677157615000|2023-02-23 21:06:55|core_service|0|0|1|0|30|0|0|0
1677157615000|2023-02-23 21:06:55|__total_inbound_traffic__|1|0|2|0|23|0|2|0
1677157656000|2023-02-23 21:07:36|core_service|3|0|1|0|237|0|2|0
1677157656000|2023-02-23 21:07:36|society_service|1|0|1|0|77|0|1|0
1677157656000|2023-02-23 21:07:36|__total_inbound_traffic__|4|0|2|0|157|0|2|0
1677157657000|2023-02-23 21:07:37|core_service|0|0|2|0|260|0|0|0
1677157657000|2023-02-23 21:07:37|interaction_service|1|0|1|0|0|0|1|0
1677157657000|2023-02-23 21:07:37|__total_inbound_traffic__|1|0|3|0|173|0|3|0
1677157712000|2023-02-23 21:08:32|core_service|1|0|1|0|34|0|1|0
1677157712000|2023-02-23 21:08:32|interaction_service|1|0|1|0|35|0|1|0
1677157712000|2023-02-23 21:08:32|__total_inbound_traffic__|2|0|2|0|34|0|1|0
1677157773000|2023-02-23 21:09:33|core_service|1|0|0|0|0|0|1|0
1677157773000|2023-02-23 21:09:33|society_service|1|0|1|0|31|0|1|0
1677157773000|2023-02-23 21:09:33|__total_inbound_traffic__|2|0|1|0|31|0|2|0
1677157774000|2023-02-23 21:09:34|interaction_service|1|0|1|0|0|0|1|0
1677157774000|2023-02-23 21:09:34|core_service|2|0|3|0|313|0|2|0
1677157774000|2023-02-23 21:09:34|__total_inbound_traffic__|3|0|4|0|234|0|3|0
1677157775000|2023-02-23 21:09:35|interaction_service|1|0|1|0|17|0|1|0
1677157775000|2023-02-23 21:09:35|core_service|1|0|1|0|15|0|1|0
1677157775000|2023-02-23 21:09:35|__total_inbound_traffic__|2|0|2|0|16|0|2|0
1677157783000|2023-02-23 21:09:43|core_service|1|0|1|0|256|0|1|0
1677157783000|2023-02-23 21:09:43|society_service|1|0|1|0|16|0|1|0
1677157783000|2023-02-23 21:09:43|__total_inbound_traffic__|2|0|2|0|136|0|2|0
1677157784000|2023-02-23 21:09:44|core_service|2|0|0|0|0|0|2|0
1677157784000|2023-02-23 21:09:44|interaction_service|1|0|1|0|0|0|1|0
1677157784000|2023-02-23 21:09:44|__total_inbound_traffic__|3|0|1|0|0|0|2|0
1677157785000|2023-02-23 21:09:45|interaction_service|1|0|1|0|19|0|1|0
1677157785000|2023-02-23 21:09:45|core_service|1|0|3|0|535|0|1|0
1677157785000|2023-02-23 21:09:45|__total_inbound_traffic__|2|0|4|0|406|0|2|0
1677157791000|2023-02-23 21:09:51|interaction_service|1|0|1|0|19|0|1|0
1677157791000|2023-02-23 21:09:51|core_service|1|0|1|0|16|0|1|0
1677157791000|2023-02-23 21:09:51|__total_inbound_traffic__|2|0|2|0|17|0|2|0
1677157796000|2023-02-23 21:09:56|core_service|1|0|0|0|0|0|1|0
1677157796000|2023-02-23 21:09:56|society_service|1|0|1|0|15|0|1|0
1677157796000|2023-02-23 21:09:56|__total_inbound_traffic__|2|0|1|0|15|0|2|0
1677157797000|2023-02-23 21:09:57|interaction_service|1|0|1|0|1|0|1|0
1677157797000|2023-02-23 21:09:57|core_service|2|0|3|0|489|0|2|0
1677157797000|2023-02-23 21:09:57|__total_inbound_traffic__|3|0|4|0|367|0|2|0
1677157798000|2023-02-23 21:09:58|core_service|1|0|1|0|15|0|1|0
1677157798000|2023-02-23 21:09:58|interaction_service|1|0|1|0|19|0|1|0
1677157798000|2023-02-23 21:09:58|__total_inbound_traffic__|2|0|2|0|17|0|1|0
1677157801000|2023-02-23 21:10:01|core_service|1|0|1|0|179|0|1|0
1677157801000|2023-02-23 21:10:01|__total_inbound_traffic__|1|0|1|0|179|0|1|0
1677157802000|2023-02-23 21:10:02|interaction_service|2|0|2|0|0|0|1|0
1677157802000|2023-02-23 21:10:02|core_service|3|0|3|0|95|0|1|0
1677157802000|2023-02-23 21:10:02|__total_inbound_traffic__|5|0|5|0|57|0|2|0
1677157826000|2023-02-23 21:10:26|core_service|1|0|0|0|0|0|1|0
1677157826000|2023-02-23 21:10:26|__total_inbound_traffic__|1|0|0|0|0|0|1|0
1677157827000|2023-02-23 21:10:27|core_service|0|0|1|0|162|0|0|0
1677157827000|2023-02-23 21:10:27|__total_inbound_traffic__|0|0|1|0|162|0|0|0
1677157828000|2023-02-23 21:10:28|interaction_service|1|0|1|0|20|0|1|0
1677157828000|2023-02-23 21:10:28|core_service|2|0|2|0|69|0|1|0
1677157828000|2023-02-23 21:10:28|__total_inbound_traffic__|3|0|3|0|52|0|2|0
1677157865000|2023-02-23 21:11:05|core_service|1|0|0|0|0|0|1|0
1677157865000|2023-02-23 21:11:05|__total_inbound_traffic__|1|0|0|0|0|0|1|0
1677157866000|2023-02-23 21:11:06|interaction_service|2|0|2|0|0|0|1|0
1677157866000|2023-02-23 21:11:06|core_service|3|0|4|0|121|0|1|0
1677157866000|2023-02-23 21:11:06|__total_inbound_traffic__|5|0|6|0|80|0|1|0
1677157912000|2023-02-23 21:11:52|core_service|1|0|1|0|183|0|1|0
1677157912000|2023-02-23 21:11:52|__total_inbound_traffic__|1|0|1|0|183|0|1|0
1677157913000|2023-02-23 21:11:53|interaction_service|1|0|1|0|19|0|1|0
1677157913000|2023-02-23 21:11:53|core_service|2|0|2|0|86|0|1|0
1677157913000|2023-02-23 21:11:53|__total_inbound_traffic__|3|0|3|0|64|0|2|0
1677157948000|2023-02-23 21:12:28|interaction_service|1|0|1|0|0|0|1|0
1677157948000|2023-02-23 21:12:28|core_service|3|0|2|0|179|0|1|0
1677157948000|2023-02-23 21:12:28|__total_inbound_traffic__|4|0|3|0|119|0|2|0
1677157949000|2023-02-23 21:12:29|core_service|0|0|1|0|277|0|0|0
1677157949000|2023-02-23 21:12:29|__total_inbound_traffic__|0|0|1|0|277|0|0|0
1677157974000|2023-02-23 21:12:54|core_service|1|0|1|0|180|0|1|0
1677157974000|2023-02-23 21:12:54|__total_inbound_traffic__|1|0|1|0|180|0|1|0
1677157975000|2023-02-23 21:12:55|interaction_service|1|0|1|0|18|0|1|0
1677157975000|2023-02-23 21:12:55|core_service|2|0|2|0|85|0|1|0
1677157975000|2023-02-23 21:12:55|__total_inbound_traffic__|3|0|3|0|63|0|2|0
1677157993000|2023-02-23 21:13:13|core_service|1|0|0|0|0|0|1|0
1677157993000|2023-02-23 21:13:13|__total_inbound_traffic__|1|0|0|0|0|0|1|0
1677157994000|2023-02-23 21:13:14|core_service|0|0|1|0|1205|0|0|0
1677157994000|2023-02-23 21:13:14|__total_inbound_traffic__|0|0|1|0|1205|0|0|0
1677157996000|2023-02-23 21:13:16|interaction_service|1|0|1|0|36|0|1|0
1677157996000|2023-02-23 21:13:16|core_service|1|0|1|0|311|0|1|0
1677157996000|2023-02-23 21:13:16|__total_inbound_traffic__|2|0|2|0|173|0|1|0
1677158004000|2023-02-23 21:13:24|core_service|1|0|1|0|707|0|1|0
1677158004000|2023-02-23 21:13:24|__total_inbound_traffic__|1|0|1|0|707|0|1|0
1677158005000|2023-02-23 21:13:25|interaction_service|1|0|1|0|36|0|1|0
1677158005000|2023-02-23 21:13:25|core_service|2|0|2|0|316|0|2|0
1677158005000|2023-02-23 21:13:25|__total_inbound_traffic__|3|0|3|0|223|0|3|0
1677158007000|2023-02-23 21:13:27|interaction_service|1|0|1|0|1|0|1|0
1677158007000|2023-02-23 21:13:27|core_service|1|0|1|0|303|0|1|0
1677158007000|2023-02-23 21:13:27|__total_inbound_traffic__|2|0|2|0|152|0|2|0
1677158008000|2023-02-23 21:13:28|core_service|1|0|0|0|0|0|1|0
1677158008000|2023-02-23 21:13:28|interaction_service|1|0|1|0|0|0|1|0
1677158008000|2023-02-23 21:13:28|__total_inbound_traffic__|2|0|1|0|0|0|1|0
1677158009000|2023-02-23 21:13:29|core_service|0|0|1|0|258|0|0|0
1677158009000|2023-02-23 21:13:29|__total_inbound_traffic__|0|0|1|0|258|0|0|0
1677158011000|2023-02-23 21:13:31|interaction_service|1|0|1|0|1|0|1|0
1677158011000|2023-02-23 21:13:31|core_service|1|0|1|0|319|0|1|0
1677158011000|2023-02-23 21:13:31|__total_inbound_traffic__|2|0|2|0|160|0|1|0
1677158016000|2023-02-23 21:13:36|interaction_service|1|0|1|0|20|0|1|0
1677158016000|2023-02-23 21:13:36|core_service|1|0|1|0|249|0|1|0
1677158016000|2023-02-23 21:13:36|__total_inbound_traffic__|2|0|2|0|134|0|1|0
1677158017000|2023-02-23 21:13:37|interaction_service|1|0|1|0|45|0|1|0
1677158017000|2023-02-23 21:13:37|__total_inbound_traffic__|1|0|1|0|45|0|1|0
1677158024000|2023-02-23 21:13:44|interaction_service|1|0|1|0|163|0|1|0
1677158024000|2023-02-23 21:13:44|__total_inbound_traffic__|1|0|1|0|163|0|1|0
1677158028000|2023-02-23 21:13:48|core_service|1|0|0|0|0|0|1|0
1677158028000|2023-02-23 21:13:48|society_service|1|0|0|0|0|0|1|0
1677158028000|2023-02-23 21:13:48|__total_inbound_traffic__|2|0|0|0|0|0|1|0
1677158029000|2023-02-23 21:13:49|interaction_service|1|0|1|0|20|0|1|0
1677158029000|2023-02-23 21:13:49|core_service|2|0|1|0|1027|0|2|0
1677158029000|2023-02-23 21:13:49|society_service|0|0|1|0|790|0|0|0
1677158029000|2023-02-23 21:13:49|__total_inbound_traffic__|3|0|3|0|612|0|3|0
1677158030000|2023-02-23 21:13:50|core_service|0|0|2|0|368|0|0|0
1677158030000|2023-02-23 21:13:50|__total_inbound_traffic__|0|0|2|0|368|0|0|0
1677158031000|2023-02-23 21:13:51|interaction_service|1|0|1|0|1|0|1|0
1677158031000|2023-02-23 21:13:51|core_service|1|0|0|0|0|0|1|0
1677158031000|2023-02-23 21:13:51|__total_inbound_traffic__|2|0|1|0|1|0|2|0
1677158032000|2023-02-23 21:13:52|core_service|0|0|1|0|330|0|0|0
1677158032000|2023-02-23 21:13:52|__total_inbound_traffic__|0|0|1|0|330|0|0|0
1677158037000|2023-02-23 21:13:57|society_service|1|0|1|0|109|0|1|0
1677158037000|2023-02-23 21:13:57|__total_inbound_traffic__|1|0|1|0|109|0|1|0
1677158040000|2023-02-23 21:14:00|interaction_service|1|0|1|0|23|0|1|0
1677158040000|2023-02-23 21:14:00|core_service|1|0|0|0|0|0|1|0
1677158040000|2023-02-23 21:14:00|__total_inbound_traffic__|2|0|1|0|23|0|2|0
1677158041000|2023-02-23 21:14:01|core_service|0|0|1|0|398|0|0|0
1677158041000|2023-02-23 21:14:01|__total_inbound_traffic__|0|0|1|0|398|0|0|0
1677158044000|2023-02-23 21:14:04|core_service|1|0|0|0|0|0|1|0
1677158044000|2023-02-23 21:14:04|__total_inbound_traffic__|1|0|0|0|0|0|1|0
1677158045000|2023-02-23 21:14:05|interaction_service|2|0|2|0|0|0|1|0
1677158045000|2023-02-23 21:14:05|core_service|3|0|4|0|170|0|1|0
1677158045000|2023-02-23 21:14:05|__total_inbound_traffic__|5|0|6|0|113|0|1|0
1677158056000|2023-02-23 21:14:16|core_service|3|0|2|0|127|0|1|0
1677158056000|2023-02-23 21:14:16|interaction_service|1|0|0|0|0|0|1|0
1677158056000|2023-02-23 21:14:16|__total_inbound_traffic__|4|0|2|0|127|0|2|0
1677158057000|2023-02-23 21:14:17|interaction_service|0|0|1|0|350|0|0|0
1677158057000|2023-02-23 21:14:17|core_service|0|0|1|0|475|0|0|0
1677158057000|2023-02-23 21:14:17|__total_inbound_traffic__|0|0|2|0|412|0|0|0
1677158065000|2023-02-23 21:14:25|society_service|1|0|1|0|471|0|1|0
1677158065000|2023-02-23 21:14:25|__total_inbound_traffic__|1|0|1|0|471|0|1|0
1677158067000|2023-02-23 21:14:27|society_service|1|0|1|0|102|0|1|0
1677158067000|2023-02-23 21:14:27|__total_inbound_traffic__|1|0|1|0|102|0|1|0
1677158081000|2023-02-23 21:14:41|society_service|1|0|1|0|166|0|1|0
1677158081000|2023-02-23 21:14:41|__total_inbound_traffic__|1|0|1|0|166|0|1|0
1677158083000|2023-02-23 21:14:43|society_service|1|0|0|0|0|0|1|0
1677158083000|2023-02-23 21:14:43|__total_inbound_traffic__|1|0|0|0|0|0|1|0
1677158084000|2023-02-23 21:14:44|society_service|0|0|1|0|530|0|0|0
1677158084000|2023-02-23 21:14:44|__total_inbound_traffic__|0|0|1|0|530|0|0|0
1677158085000|2023-02-23 21:14:45|society_service|1|0|1|0|106|0|1|0
1677158085000|2023-02-23 21:14:45|__total_inbound_traffic__|1|0|1|0|106|0|1|0
1677158086000|2023-02-23 21:14:46|society_service|1|0|1|0|105|0|1|0
1677158086000|2023-02-23 21:14:46|__total_inbound_traffic__|1|0|1|0|105|0|1|0
1677158087000|2023-02-23 21:14:47|society_service|1|0|1|0|113|0|1|0
1677158087000|2023-02-23 21:14:47|__total_inbound_traffic__|1|0|1|0|113|0|1|0
1677158088000|2023-02-23 21:14:48|society_service|1|0|1|0|106|0|1|0
1677158088000|2023-02-23 21:14:48|__total_inbound_traffic__|1|0|1|0|106|0|1|0
1677158089000|2023-02-23 21:14:49|society_service|1|0|1|0|121|0|1|0
1677158089000|2023-02-23 21:14:49|__total_inbound_traffic__|1|0|1|0|121|0|1|0
1677158090000|2023-02-23 21:14:50|society_service|1|0|1|0|141|0|1|0
1677158090000|2023-02-23 21:14:50|__total_inbound_traffic__|1|0|1|0|141|0|1|0
1677158091000|2023-02-23 21:14:51|society_service|1|0|1|0|136|0|1|0
1677158091000|2023-02-23 21:14:51|__total_inbound_traffic__|1|0|1|0|136|0|1|0
1677158092000|2023-02-23 21:14:52|society_service|1|0|1|0|75|0|1|0
1677158092000|2023-02-23 21:14:52|__total_inbound_traffic__|1|0|1|0|75|0|1|0
1677158093000|2023-02-23 21:14:53|society_service|1|0|1|0|78|0|1|0
1677158093000|2023-02-23 21:14:53|__total_inbound_traffic__|1|0|1|0|78|0|1|0
1677158094000|2023-02-23 21:14:54|society_service|1|0|1|0|79|0|1|0
1677158094000|2023-02-23 21:14:54|__total_inbound_traffic__|1|0|1|0|79|0|1|0
1677158095000|2023-02-23 21:14:55|society_service|1|0|1|0|74|0|1|0
1677158095000|2023-02-23 21:14:55|__total_inbound_traffic__|1|0|1|0|74|0|1|0
1677158096000|2023-02-23 21:14:56|society_service|1|0|1|0|82|0|1|0
1677158096000|2023-02-23 21:14:56|__total_inbound_traffic__|1|0|1|0|82|0|1|0
1677158097000|2023-02-23 21:14:57|society_service|1|0|1|0|74|0|1|0
1677158097000|2023-02-23 21:14:57|__total_inbound_traffic__|1|0|1|0|74|0|1|0
1677158098000|2023-02-23 21:14:58|society_service|1|0|1|0|74|0|1|0
1677158098000|2023-02-23 21:14:58|__total_inbound_traffic__|1|0|1|0|74|0|1|0
1677158099000|2023-02-23 21:14:59|society_service|1|0|1|0|77|0|1|0
1677158099000|2023-02-23 21:14:59|__total_inbound_traffic__|1|0|1|0|77|0|1|0
1677158100000|2023-02-23 21:15:00|society_service|2|0|1|0|228|0|1|0
1677158100000|2023-02-23 21:15:00|__total_inbound_traffic__|2|0|1|0|228|0|1|0
1677158101000|2023-02-23 21:15:01|society_service|0|0|1|0|94|0|0|0
1677158101000|2023-02-23 21:15:01|__total_inbound_traffic__|0|0|1|0|94|0|0|0
1677158102000|2023-02-23 21:15:02|core_service|1|0|0|0|0|0|1|0
1677158102000|2023-02-23 21:15:02|interaction_service|1|0|0|0|0|0|1|0
1677158102000|2023-02-23 21:15:02|__total_inbound_traffic__|2|0|0|0|0|0|2|0
1677158103000|2023-02-23 21:15:03|interaction_service|0|0|1|0|606|0|0|0
1677158103000|2023-02-23 21:15:03|core_service|0|0|1|0|762|0|0|0
1677158103000|2023-02-23 21:15:03|__total_inbound_traffic__|0|0|2|0|684|0|0|0
1677158106000|2023-02-23 21:15:06|core_service|1|0|0|0|0|0|1|0
1677158106000|2023-02-23 21:15:06|__total_inbound_traffic__|1|0|0|0|0|0|1|0
1677158107000|2023-02-23 21:15:07|interaction_service|2|0|2|0|1|0|1|0
1677158107000|2023-02-23 21:15:07|core_service|3|0|4|0|180|0|1|0
1677158107000|2023-02-23 21:15:07|__total_inbound_traffic__|5|0|6|0|120|0|2|0
1677158117000|2023-02-23 21:15:17|core_service|2|0|1|0|149|0|1|0
1677158117000|2023-02-23 21:15:17|__total_inbound_traffic__|2|0|1|0|149|0|1|0
1677158118000|2023-02-23 21:15:18|interaction_service|1|0|1|0|19|0|1|0
1677158118000|2023-02-23 21:15:18|core_service|1|0|2|0|271|0|1|0
1677158118000|2023-02-23 21:15:18|__total_inbound_traffic__|2|0|3|0|187|0|2|0
1677158123000|2023-02-23 21:15:23|society_service|1|0|1|0|102|0|1|0
1677158123000|2023-02-23 21:15:23|__total_inbound_traffic__|1|0|1|0|102|0|1|0
1677158125000|2023-02-23 21:15:25|interaction_service|1|0|1|0|20|0|1|0
1677158125000|2023-02-23 21:15:25|core_service|1|0|1|0|155|0|1|0
1677158125000|2023-02-23 21:15:25|__total_inbound_traffic__|2|0|2|0|87|0|2|0
1677158126000|2023-02-23 21:15:26|society_service|1|0|1|0|140|0|1|0
1677158126000|2023-02-23 21:15:26|__total_inbound_traffic__|1|0|1|0|140|0|1|0
1677158128000|2023-02-23 21:15:28|interaction_service|1|0|1|0|18|0|1|0
1677158128000|2023-02-23 21:15:28|core_service|1|0|1|0|155|0|1|0
1677158128000|2023-02-23 21:15:28|__total_inbound_traffic__|2|0|2|0|86|0|2|0
1677158130000|2023-02-23 21:15:30|society_service|1|0|1|0|127|0|1|0
1677158130000|2023-02-23 21:15:30|__total_inbound_traffic__|1|0|1|0|127|0|1|0
1677158135000|2023-02-23 21:15:35|society_service|1|0|0|0|0|0|1|0
1677158135000|2023-02-23 21:15:35|__total_inbound_traffic__|1|0|0|0|0|0|1|0
1677158136000|2023-02-23 21:15:36|society_service|0|0|1|0|84|0|0|0
1677158136000|2023-02-23 21:15:36|__total_inbound_traffic__|0|0|1|0|84|0|0|0
1677158137000|2023-02-23 21:15:37|society_service|1|0|1|0|84|0|1|0
1677158137000|2023-02-23 21:15:37|__total_inbound_traffic__|1|0|1|0|84|0|1|0
1677158138000|2023-02-23 21:15:38|society_service|1|0|1|0|101|0|1|0
1677158138000|2023-02-23 21:15:38|__total_inbound_traffic__|1|0|1|0|101|0|1|0
1677158139000|2023-02-23 21:15:39|society_service|1|0|1|0|388|0|1|0
1677158139000|2023-02-23 21:15:39|__total_inbound_traffic__|1|0|1|0|388|0|1|0
1677158140000|2023-02-23 21:15:40|society_service|1|0|0|0|0|0|1|0
1677158140000|2023-02-23 21:15:40|__total_inbound_traffic__|1|0|0|0|0|0|1|0
1677158141000|2023-02-23 21:15:41|society_service|0|0|1|0|86|0|0|0
1677158141000|2023-02-23 21:15:41|__total_inbound_traffic__|0|0|1|0|86|0|0|0
1677158142000|2023-02-23 21:15:42|society_service|2|0|2|0|106|0|2|0
1677158142000|2023-02-23 21:15:42|__total_inbound_traffic__|2|0|2|0|106|0|2|0
1677158143000|2023-02-23 21:15:43|society_service|1|0|1|0|73|0|1|0
1677158143000|2023-02-23 21:15:43|__total_inbound_traffic__|1|0|1|0|73|0|1|0
1677158144000|2023-02-23 21:15:44|society_service|1|0|1|0|106|0|1|0
1677158144000|2023-02-23 21:15:44|__total_inbound_traffic__|1|0|1|0|106|0|1|0
1677158145000|2023-02-23 21:15:45|society_service|1|0|1|0|80|0|1|0
1677158145000|2023-02-23 21:15:45|__total_inbound_traffic__|1|0|1|0|80|0|1|0
1677158146000|2023-02-23 21:15:46|society_service|1|0|1|0|74|0|1|0
1677158146000|2023-02-23 21:15:46|__total_inbound_traffic__|1|0|1|0|74|0|1|0
1677158147000|2023-02-23 21:15:47|society_service|1|0|1|0|81|0|1|0
1677158147000|2023-02-23 21:15:47|__total_inbound_traffic__|1|0|1|0|81|0|1|0
1677158148000|2023-02-23 21:15:48|society_service|1|0|1|0|75|0|1|0
1677158148000|2023-02-23 21:15:48|__total_inbound_traffic__|1|0|1|0|75|0|1|0
1677158149000|2023-02-23 21:15:49|society_service|1|0|1|0|75|0|1|0
1677158149000|2023-02-23 21:15:49|__total_inbound_traffic__|1|0|1|0|75|0|1|0
1677158150000|2023-02-23 21:15:50|society_service|1|0|0|0|0|0|1|0
1677158150000|2023-02-23 21:15:50|__total_inbound_traffic__|1|0|0|0|0|0|1|0
1677158151000|2023-02-23 21:15:51|society_service|0|0|1|0|77|0|0|0
1677158151000|2023-02-23 21:15:51|__total_inbound_traffic__|0|0|1|0|77|0|0|0
1677158152000|2023-02-23 21:15:52|society_service|1|0|1|0|119|0|1|0
1677158152000|2023-02-23 21:15:52|__total_inbound_traffic__|1|0|1|0|119|0|1|0
1677158153000|2023-02-23 21:15:53|society_service|1|0|1|0|73|0|1|0
1677158153000|2023-02-23 21:15:53|__total_inbound_traffic__|1|0|1|0|73|0|1|0
1677158154000|2023-02-23 21:15:54|society_service|1|0|1|0|79|0|1|0
1677158154000|2023-02-23 21:15:54|__total_inbound_traffic__|1|0|1|0|79|0|1|0
1677158155000|2023-02-23 21:15:55|society_service|1|0|1|0|74|0|1|0
1677158155000|2023-02-23 21:15:55|__total_inbound_traffic__|1|0|1|0|74|0|1|0
1677158156000|2023-02-23 21:15:56|society_service|1|0|1|0|86|0|1|0
1677158156000|2023-02-23 21:15:56|__total_inbound_traffic__|1|0|1|0|86|0|1|0
1677158157000|2023-02-23 21:15:57|society_service|1|0|1|0|79|0|1|0
1677158157000|2023-02-23 21:15:57|__total_inbound_traffic__|1|0|1|0|79|0|1|0
1677158158000|2023-02-23 21:15:58|society_service|1|0|1|0|80|0|1|0
1677158158000|2023-02-23 21:15:58|__total_inbound_traffic__|1|0|1|0|80|0|1|0
1677158159000|2023-02-23 21:15:59|society_service|1|0|1|0|73|0|1|0
1677158159000|2023-02-23 21:15:59|__total_inbound_traffic__|1|0|1|0|73|0|1|0
1677158160000|2023-02-23 21:16:00|society_service|1|0|0|0|0|0|1|0
1677158160000|2023-02-23 21:16:00|__total_inbound_traffic__|1|0|0|0|0|0|1|0
1677158161000|2023-02-23 21:16:01|society_service|0|0|1|0|74|0|0|0
1677158161000|2023-02-23 21:16:01|__total_inbound_traffic__|0|0|1|0|74|0|0|0
1677158162000|2023-02-23 21:16:02|society_service|1|0|1|0|74|0|1|0
1677158162000|2023-02-23 21:16:02|__total_inbound_traffic__|1|0|1|0|74|0|1|0
1677158163000|2023-02-23 21:16:03|society_service|1|0|1|0|77|0|1|0
1677158163000|2023-02-23 21:16:03|__total_inbound_traffic__|1|0|1|0|77|0|1|0
1677158164000|2023-02-23 21:16:04|society_service|1|0|1|0|72|0|1|0
1677158164000|2023-02-23 21:16:04|__total_inbound_traffic__|1|0|1|0|72|0|1|0
1677158165000|2023-02-23 21:16:05|society_service|1|0|1|0|80|0|1|0
1677158165000|2023-02-23 21:16:05|__total_inbound_traffic__|1|0|1|0|80|0|1|0
1677158166000|2023-02-23 21:16:06|society_service|1|0|1|0|73|0|1|0
1677158166000|2023-02-23 21:16:06|__total_inbound_traffic__|1|0|1|0|73|0|1|0
1677158167000|2023-02-23 21:16:07|society_service|1|0|1|0|72|0|1|0
1677158167000|2023-02-23 21:16:07|__total_inbound_traffic__|1|0|1|0|72|0|1|0
1677158168000|2023-02-23 21:16:08|society_service|1|0|1|0|76|0|1|0
1677158168000|2023-02-23 21:16:08|__total_inbound_traffic__|1|0|1|0|76|0|1|0
1677158169000|2023-02-23 21:16:09|society_service|1|0|1|0|73|0|1|0
1677158169000|2023-02-23 21:16:09|__total_inbound_traffic__|1|0|1|0|73|0|1|0
1677158171000|2023-02-23 21:16:11|society_service|1|0|1|0|68|0|1|0
1677158171000|2023-02-23 21:16:11|__total_inbound_traffic__|1|0|1|0|68|0|1|0
1677158172000|2023-02-23 21:16:12|society_service|1|0|1|0|79|0|1|0
1677158172000|2023-02-23 21:16:12|__total_inbound_traffic__|1|0|1|0|79|0|1|0
1677158173000|2023-02-23 21:16:13|society_service|1|0|1|0|70|0|1|0
1677158173000|2023-02-23 21:16:13|__total_inbound_traffic__|1|0|1|0|70|0|1|0
1677158174000|2023-02-23 21:16:14|society_service|1|0|1|0|77|0|1|0
1677158174000|2023-02-23 21:16:14|__total_inbound_traffic__|1|0|1|0|77|0|1|0
1677158175000|2023-02-23 21:16:15|society_service|1|0|1|0|96|0|1|0
1677158175000|2023-02-23 21:16:15|__total_inbound_traffic__|1|0|1|0|96|0|1|0
1677158176000|2023-02-23 21:16:16|society_service|1|0|1|0|116|0|1|0
1677158176000|2023-02-23 21:16:16|__total_inbound_traffic__|1|0|1|0|116|0|1|0
1677158177000|2023-02-23 21:16:17|society_service|1|0|1|0|76|0|1|0
1677158177000|2023-02-23 21:16:17|__total_inbound_traffic__|1|0|1|0|76|0|1|0
1677158178000|2023-02-23 21:16:18|society_service|1|0|1|0|74|0|1|0
1677158178000|2023-02-23 21:16:18|__total_inbound_traffic__|1|0|1|0|74|0|1|0
1677158179000|2023-02-23 21:16:19|society_service|1|0|1|0|78|0|1|0
1677158179000|2023-02-23 21:16:19|__total_inbound_traffic__|1|0|1|0|78|0|1|0
1677158180000|2023-02-23 21:16:20|society_service|1|0|0|0|0|0|1|0
1677158180000|2023-02-23 21:16:20|__total_inbound_traffic__|1|0|0|0|0|0|1|0
1677158181000|2023-02-23 21:16:21|society_service|0|0|1|0|71|0|0|0
1677158181000|2023-02-23 21:16:21|__total_inbound_traffic__|0|0|1|0|71|0|0|0
1677158182000|2023-02-23 21:16:22|society_service|1|0|1|0|74|0|1|0
1677158182000|2023-02-23 21:16:22|__total_inbound_traffic__|1|0|1|0|74|0|1|0
1677158183000|2023-02-23 21:16:23|society_service|1|0|1|0|73|0|1|0
1677158183000|2023-02-23 21:16:23|__total_inbound_traffic__|1|0|1|0|73|0|1|0
1677158184000|2023-02-23 21:16:24|society_service|1|0|1|0|71|0|1|0
1677158184000|2023-02-23 21:16:24|__total_inbound_traffic__|1|0|1|0|71|0|1|0
1677158185000|2023-02-23 21:16:25|society_service|1|0|1|0|70|0|1|0
1677158185000|2023-02-23 21:16:25|__total_inbound_traffic__|1|0|1|0|70|0|1|0
1677158186000|2023-02-23 21:16:26|society_service|1|0|1|0|69|0|1|0
1677158186000|2023-02-23 21:16:26|__total_inbound_traffic__|1|0|1|0|69|0|1|0
1677158187000|2023-02-23 21:16:27|society_service|1|0|1|0|95|0|1|0
1677158187000|2023-02-23 21:16:27|__total_inbound_traffic__|1|0|1|0|95|0|1|0
1677158188000|2023-02-23 21:16:28|society_service|1|0|1|0|129|0|1|0
1677158188000|2023-02-23 21:16:28|__total_inbound_traffic__|1|0|1|0|129|0|1|0
1677158189000|2023-02-23 21:16:29|society_service|1|0|1|0|78|0|1|0
1677158189000|2023-02-23 21:16:29|__total_inbound_traffic__|1|0|1|0|78|0|1|0
1677158190000|2023-02-23 21:16:30|society_service|1|0|0|0|0|0|1|0
1677158190000|2023-02-23 21:16:30|__total_inbound_traffic__|1|0|0|0|0|0|1|0
1677158191000|2023-02-23 21:16:31|society_service|0|0|1|0|77|0|0|0
1677158191000|2023-02-23 21:16:31|__total_inbound_traffic__|0|0|1|0|77|0|0|0
1677158192000|2023-02-23 21:16:32|society_service|1|0|1|0|72|0|1|0
1677158192000|2023-02-23 21:16:32|__total_inbound_traffic__|1|0|1|0|72|0|1|0
1677158193000|2023-02-23 21:16:33|society_service|1|0|1|0|81|0|1|0
1677158193000|2023-02-23 21:16:33|__total_inbound_traffic__|1|0|1|0|81|0|1|0
1677158194000|2023-02-23 21:16:34|society_service|1|0|1|0|89|0|1|0
1677158194000|2023-02-23 21:16:34|__total_inbound_traffic__|1|0|1|0|89|0|1|0
1677158195000|2023-02-23 21:16:35|society_service|1|0|1|0|72|0|1|0
1677158195000|2023-02-23 21:16:35|__total_inbound_traffic__|1|0|1|0|72|0|1|0
1677158196000|2023-02-23 21:16:36|society_service|1|0|1|0|75|0|1|0
1677158196000|2023-02-23 21:16:36|__total_inbound_traffic__|1|0|1|0|75|0|1|0
1677158197000|2023-02-23 21:16:37|society_service|1|0|1|0|74|0|1|0
1677158197000|2023-02-23 21:16:37|__total_inbound_traffic__|1|0|1|0|74|0|1|0
1677158198000|2023-02-23 21:16:38|society_service|1|0|1|0|73|0|1|0
1677158198000|2023-02-23 21:16:38|__total_inbound_traffic__|1|0|1|0|73|0|1|0
1677158199000|2023-02-23 21:16:39|society_service|1|0|1|0|106|0|1|0
1677158199000|2023-02-23 21:16:39|__total_inbound_traffic__|1|0|1|0|106|0|1|0
1677158200000|2023-02-23 21:16:40|society_service|1|0|0|0|0|0|1|0
1677158200000|2023-02-23 21:16:40|__total_inbound_traffic__|1|0|0|0|0|0|1|0
1677158201000|2023-02-23 21:16:41|society_service|0|0|1|0|113|0|0|0
1677158201000|2023-02-23 21:16:41|__total_inbound_traffic__|0|0|1|0|113|0|0|0
1677158202000|2023-02-23 21:16:42|society_service|1|0|1|0|76|0|1|0
1677158202000|2023-02-23 21:16:42|__total_inbound_traffic__|1|0|1|0|76|0|1|0
1677158203000|2023-02-23 21:16:43|society_service|1|0|1|0|78|0|1|0
1677158203000|2023-02-23 21:16:43|__total_inbound_traffic__|1|0|1|0|78|0|1|0
1677158204000|2023-02-23 21:16:44|society_service|1|0|1|0|70|0|1|0
1677158204000|2023-02-23 21:16:44|__total_inbound_traffic__|1|0|1|0|70|0|1|0
1677158205000|2023-02-23 21:16:45|society_service|1|0|1|0|81|0|1|0
1677158205000|2023-02-23 21:16:45|__total_inbound_traffic__|1|0|1|0|81|0|1|0
1677158206000|2023-02-23 21:16:46|society_service|1|0|1|0|74|0|1|0
1677158206000|2023-02-23 21:16:46|__total_inbound_traffic__|1|0|1|0|74|0|1|0
1677158207000|2023-02-23 21:16:47|society_service|1|0|1|0|74|0|1|0
1677158207000|2023-02-23 21:16:47|__total_inbound_traffic__|1|0|1|0|74|0|1|0
1677158208000|2023-02-23 21:16:48|society_service|1|0|1|0|72|0|1|0
1677158208000|2023-02-23 21:16:48|__total_inbound_traffic__|1|0|1|0|72|0|1|0
1677158209000|2023-02-23 21:16:49|society_service|1|0|1|0|79|0|1|0
1677158209000|2023-02-23 21:16:49|__total_inbound_traffic__|1|0|1|0|79|0|1|0
1677158210000|2023-02-23 21:16:50|society_service|1|0|0|0|0|0|1|0
1677158210000|2023-02-23 21:16:50|__total_inbound_traffic__|1|0|0|0|0|0|1|0
1677158211000|2023-02-23 21:16:51|society_service|0|0|1|0|70|0|0|0
1677158211000|2023-02-23 21:16:51|__total_inbound_traffic__|0|0|1|0|70|0|0|0
1677158212000|2023-02-23 21:16:52|society_service|1|0|1|0|83|0|1|0
1677158212000|2023-02-23 21:16:52|__total_inbound_traffic__|1|0|1|0|83|0|1|0
1677158213000|2023-02-23 21:16:53|society_service|1|0|1|0|73|0|1|0
1677158213000|2023-02-23 21:16:53|__total_inbound_traffic__|1|0|1|0|73|0|1|0
1677158214000|2023-02-23 21:16:54|society_service|1|0|1|0|70|0|1|0
1677158214000|2023-02-23 21:16:54|__total_inbound_traffic__|1|0|1|0|70|0|1|0
1677158215000|2023-02-23 21:16:55|society_service|1|0|1|0|74|0|1|0
1677158215000|2023-02-23 21:16:55|__total_inbound_traffic__|1|0|1|0|74|0|1|0
1677158216000|2023-02-23 21:16:56|society_service|1|0|1|0|74|0|1|0
1677158216000|2023-02-23 21:16:56|__total_inbound_traffic__|1|0|1|0|74|0|1|0
1677158217000|2023-02-23 21:16:57|society_service|1|0|1|0|72|0|1|0
1677158217000|2023-02-23 21:16:57|__total_inbound_traffic__|1|0|1|0|72|0|1|0
1677158218000|2023-02-23 21:16:58|society_service|1|0|1|0|79|0|1|0
1677158218000|2023-02-23 21:16:58|__total_inbound_traffic__|1|0|1|0|79|0|1|0
1677158219000|2023-02-23 21:16:59|society_service|1|0|1|0|76|0|1|0
1677158219000|2023-02-23 21:16:59|__total_inbound_traffic__|1|0|1|0|76|0|1|0
1677158220000|2023-02-23 21:17:00|society_service|1|0|0|0|0|0|1|0
1677158220000|2023-02-23 21:17:00|__total_inbound_traffic__|1|0|0|0|0|0|1|0
1677158221000|2023-02-23 21:17:01|society_service|0|0|1|0|70|0|0|0
1677158221000|2023-02-23 21:17:01|__total_inbound_traffic__|0|0|1|0|70|0|0|0
1677158222000|2023-02-23 21:17:02|society_service|1|0|1|0|76|0|1|0
1677158222000|2023-02-23 21:17:02|__total_inbound_traffic__|1|0|1|0|76|0|1|0
1677158223000|2023-02-23 21:17:03|society_service|1|0|1|0|73|0|1|0
1677158223000|2023-02-23 21:17:03|__total_inbound_traffic__|1|0|1|0|73|0|1|0
1677158224000|2023-02-23 21:17:04|society_service|1|0|1|0|96|0|1|0
1677158224000|2023-02-23 21:17:04|__total_inbound_traffic__|1|0|1|0|96|0|1|0
1677158225000|2023-02-23 21:17:05|society_service|1|0|1|0|118|0|1|0
1677158225000|2023-02-23 21:17:05|__total_inbound_traffic__|1|0|1|0|118|0|1|0
1677158226000|2023-02-23 21:17:06|society_service|1|0|1|0|76|0|1|0
1677158226000|2023-02-23 21:17:06|__total_inbound_traffic__|1|0|1|0|76|0|1|0
1677158227000|2023-02-23 21:17:07|society_service|1|0|1|0|70|0|1|0
1677158227000|2023-02-23 21:17:07|__total_inbound_traffic__|1|0|1|0|70|0|1|0
1677158228000|2023-02-23 21:17:08|society_service|1|0|1|0|82|0|1|0
1677158228000|2023-02-23 21:17:08|__total_inbound_traffic__|1|0|1|0|82|0|1|0
1677158229000|2023-02-23 21:17:09|society_service|1|0|1|0|69|0|1|0
1677158229000|2023-02-23 21:17:09|__total_inbound_traffic__|1|0|1|0|69|0|1|0
1677158230000|2023-02-23 21:17:10|society_service|1|0|1|0|71|0|1|0
1677158230000|2023-02-23 21:17:10|__total_inbound_traffic__|1|0|1|0|71|0|1|0
1677158231000|2023-02-23 21:17:11|society_service|1|0|0|0|0|0|1|0
1677158231000|2023-02-23 21:17:11|__total_inbound_traffic__|1|0|0|0|0|0|1|0
1677158232000|2023-02-23 21:17:12|society_service|0|0|1|0|75|0|0|0
1677158232000|2023-02-23 21:17:12|__total_inbound_traffic__|0|0|1|0|75|0|0|0
1677158233000|2023-02-23 21:17:13|society_service|1|0|1|0|71|0|1|0
1677158233000|2023-02-23 21:17:13|__total_inbound_traffic__|1|0|1|0|71|0|1|0
1677158234000|2023-02-23 21:17:14|society_service|1|0|1|0|76|0|1|0
1677158234000|2023-02-23 21:17:14|__total_inbound_traffic__|1|0|1|0|76|0|1|0
1677158235000|2023-02-23 21:17:15|society_service|1|0|1|0|72|0|1|0
1677158235000|2023-02-23 21:17:15|__total_inbound_traffic__|1|0|1|0|72|0|1|0
1677158236000|2023-02-23 21:17:16|society_service|1|0|1|0|81|0|1|0
1677158236000|2023-02-23 21:17:16|__total_inbound_traffic__|1|0|1|0|81|0|1|0
1677158237000|2023-02-23 21:17:17|society_service|1|0|1|0|205|0|1|0
1677158237000|2023-02-23 21:17:17|__total_inbound_traffic__|1|0|1|0|205|0|1|0
1677158238000|2023-02-23 21:17:18|society_service|1|0|1|0|72|0|1|0
1677158238000|2023-02-23 21:17:18|__total_inbound_traffic__|1|0|1|0|72|0|1|0
1677158239000|2023-02-23 21:17:19|society_service|1|0|1|0|79|0|1|0
1677158239000|2023-02-23 21:17:19|__total_inbound_traffic__|1|0|1|0|79|0|1|0
1677158240000|2023-02-23 21:17:20|society_service|1|0|1|0|93|0|1|0
1677158240000|2023-02-23 21:17:20|__total_inbound_traffic__|1|0|1|0|93|0|1|0
1677158241000|2023-02-23 21:17:21|society_service|1|0|0|0|0|0|1|0
1677158241000|2023-02-23 21:17:21|__total_inbound_traffic__|1|0|0|0|0|0|1|0
1677158242000|2023-02-23 21:17:22|society_service|0|0|1|0|74|0|0|0
1677158242000|2023-02-23 21:17:22|__total_inbound_traffic__|0|0|1|0|74|0|0|0
1677158243000|2023-02-23 21:17:23|society_service|1|0|1|0|69|0|1|0
1677158243000|2023-02-23 21:17:23|__total_inbound_traffic__|1|0|1|0|69|0|1|0
1677158244000|2023-02-23 21:17:24|society_service|1|0|1|0|70|0|1|0
1677158244000|2023-02-23 21:17:24|__total_inbound_traffic__|1|0|1|0|70|0|1|0
1677158245000|2023-02-23 21:17:25|society_service|1|0|1|0|75|0|1|0
1677158245000|2023-02-23 21:17:25|__total_inbound_traffic__|1|0|1|0|75|0|1|0
1677158246000|2023-02-23 21:17:26|society_service|1|0|1|0|73|0|1|0
1677158246000|2023-02-23 21:17:26|__total_inbound_traffic__|1|0|1|0|73|0|1|0
1677158247000|2023-02-23 21:17:27|society_service|1|0|1|0|76|0|1|0
1677158247000|2023-02-23 21:17:27|__total_inbound_traffic__|1|0|1|0|76|0|1|0
1677158248000|2023-02-23 21:17:28|society_service|1|0|1|0|72|0|1|0
1677158248000|2023-02-23 21:17:28|__total_inbound_traffic__|1|0|1|0|72|0|1|0
1677158249000|2023-02-23 21:17:29|society_service|1|0|1|0|114|0|1|0
1677158249000|2023-02-23 21:17:29|__total_inbound_traffic__|1|0|1|0|114|0|1|0
1677158250000|2023-02-23 21:17:30|society_service|1|0|0|0|0|0|1|0
1677158250000|2023-02-23 21:17:30|__total_inbound_traffic__|1|0|0|0|0|0|1|0
1677158251000|2023-02-23 21:17:31|society_service|0|0|1|0|72|0|0|0
1677158251000|2023-02-23 21:17:31|__total_inbound_traffic__|0|0|1|0|72|0|0|0
1677158252000|2023-02-23 21:17:32|society_service|1|0|1|0|72|0|1|0
1677158252000|2023-02-23 21:17:32|__total_inbound_traffic__|1|0|1|0|72|0|1|0
1677158253000|2023-02-23 21:17:33|society_service|1|0|1|0|74|0|1|0
1677158253000|2023-02-23 21:17:33|__total_inbound_traffic__|1|0|1|0|74|0|1|0
1677158254000|2023-02-23 21:17:34|society_service|1|0|1|0|73|0|1|0
1677158254000|2023-02-23 21:17:34|__total_inbound_traffic__|1|0|1|0|73|0|1|0
1677158255000|2023-02-23 21:17:35|society_service|1|0|1|0|73|0|1|0
1677158255000|2023-02-23 21:17:35|__total_inbound_traffic__|1|0|1|0|73|0|1|0
1677158256000|2023-02-23 21:17:36|society_service|1|0|1|0|74|0|1|0
1677158256000|2023-02-23 21:17:36|__total_inbound_traffic__|1|0|1|0|74|0|1|0
1677158257000|2023-02-23 21:17:37|society_service|1|0|1|0|67|0|1|0
1677158257000|2023-02-23 21:17:37|__total_inbound_traffic__|1|0|1|0|67|0|1|0
1677158258000|2023-02-23 21:17:38|society_service|1|0|1|0|70|0|1|0
1677158258000|2023-02-23 21:17:38|__total_inbound_traffic__|1|0|1|0|70|0|1|0
1677158259000|2023-02-23 21:17:39|society_service|1|0|1|0|69|0|1|0
1677158259000|2023-02-23 21:17:39|__total_inbound_traffic__|1|0|1|0|69|0|1|0
1677158260000|2023-02-23 21:17:40|society_service|1|0|1|0|80|0|1|0
1677158260000|2023-02-23 21:17:40|__total_inbound_traffic__|1|0|1|0|80|0|1|0
1677158261000|2023-02-23 21:17:41|society_service|1|0|0|0|0|0|1|0
1677158261000|2023-02-23 21:17:41|__total_inbound_traffic__|1|0|0|0|0|0|1|0
1677158262000|2023-02-23 21:17:42|society_service|0|0|1|0|199|0|0|0
1677158262000|2023-02-23 21:17:42|__total_inbound_traffic__|0|0|1|0|199|0|0|0
1677158263000|2023-02-23 21:17:43|society_service|1|0|1|0|74|0|1|0
1677158263000|2023-02-23 21:17:43|__total_inbound_traffic__|1|0|1|0|74|0|1|0
1677158264000|2023-02-23 21:17:44|society_service|1|0|1|0|73|0|1|0
1677158264000|2023-02-23 21:17:44|__total_inbound_traffic__|1|0|1|0|73|0|1|0
1677158265000|2023-02-23 21:17:45|society_service|1|0|1|0|75|0|1|0
1677158265000|2023-02-23 21:17:45|__total_inbound_traffic__|1|0|1|0|75|0|1|0
1677158266000|2023-02-23 21:17:46|society_service|1|0|1|0|71|0|1|0
1677158266000|2023-02-23 21:17:46|__total_inbound_traffic__|1|0|1|0|71|0|1|0
1677158267000|2023-02-23 21:17:47|society_service|1|0|1|0|87|0|1|0
1677158267000|2023-02-23 21:17:47|__total_inbound_traffic__|1|0|1|0|87|0|1|0
1677158268000|2023-02-23 21:17:48|society_service|1|0|1|0|78|0|1|0
1677158268000|2023-02-23 21:17:48|__total_inbound_traffic__|1|0|1|0|78|0|1|0
1677158269000|2023-02-23 21:17:49|society_service|1|0|1|0|72|0|1|0
1677158269000|2023-02-23 21:17:49|__total_inbound_traffic__|1|0|1|0|72|0|1|0
1677158270000|2023-02-23 21:17:50|society_service|1|0|1|0|69|0|1|0
1677158270000|2023-02-23 21:17:50|__total_inbound_traffic__|1|0|1|0|69|0|1|0
1677158271000|2023-02-23 21:17:51|society_service|1|0|1|0|71|0|1|0
1677158271000|2023-02-23 21:17:51|__total_inbound_traffic__|1|0|1|0|71|0|1|0
1677158273000|2023-02-23 21:17:53|society_service|1|0|1|0|72|0|1|0
1677158273000|2023-02-23 21:17:53|__total_inbound_traffic__|1|0|1|0|72|0|1|0
1677158274000|2023-02-23 21:17:54|society_service|1|0|1|0|211|0|1|0
1677158274000|2023-02-23 21:17:54|__total_inbound_traffic__|1|0|1|0|211|0|1|0
1677158275000|2023-02-23 21:17:55|society_service|1|0|1|0|74|0|1|0
1677158275000|2023-02-23 21:17:55|__total_inbound_traffic__|1|0|1|0|74|0|1|0
1677158276000|2023-02-23 21:17:56|society_service|1|0|1|0|80|0|1|0
1677158276000|2023-02-23 21:17:56|__total_inbound_traffic__|1|0|1|0|80|0|1|0
1677158277000|2023-02-23 21:17:57|society_service|1|0|1|0|76|0|1|0
1677158277000|2023-02-23 21:17:57|__total_inbound_traffic__|1|0|1|0|76|0|1|0
1677158278000|2023-02-23 21:17:58|society_service|1|0|1|0|73|0|1|0
1677158278000|2023-02-23 21:17:58|__total_inbound_traffic__|1|0|1|0|73|0|1|0
1677158279000|2023-02-23 21:17:59|society_service|1|0|1|0|73|0|1|0
1677158279000|2023-02-23 21:17:59|__total_inbound_traffic__|1|0|1|0|73|0|1|0
1677158280000|2023-02-23 21:18:00|society_service|1|0|0|0|0|0|1|0
1677158280000|2023-02-23 21:18:00|__total_inbound_traffic__|1|0|0|0|0|0|1|0
1677158281000|2023-02-23 21:18:01|society_service|0|0|1|0|92|0|0|0
1677158281000|2023-02-23 21:18:01|__total_inbound_traffic__|0|0|1|0|92|0|0|0
1677158282000|2023-02-23 21:18:02|society_service|1|0|1|0|77|0|1|0
1677158282000|2023-02-23 21:18:02|__total_inbound_traffic__|1|0|1|0|77|0|1|0
1677158283000|2023-02-23 21:18:03|society_service|1|0|1|0|71|0|1|0
1677158283000|2023-02-23 21:18:03|__total_inbound_traffic__|1|0|1|0|71|0|1|0
1677158284000|2023-02-23 21:18:04|society_service|1|0|1|0|72|0|1|0
1677158284000|2023-02-23 21:18:04|__total_inbound_traffic__|1|0|1|0|72|0|1|0
1677158285000|2023-02-23 21:18:05|society_service|1|0|1|0|74|0|1|0
1677158285000|2023-02-23 21:18:05|__total_inbound_traffic__|1|0|1|0|74|0|1|0
1677158286000|2023-02-23 21:18:06|society_service|1|0|1|0|117|0|1|0
1677158286000|2023-02-23 21:18:06|__total_inbound_traffic__|1|0|1|0|117|0|1|0
1677158287000|2023-02-23 21:18:07|society_service|1|0|1|0|73|0|1|0
1677158287000|2023-02-23 21:18:07|__total_inbound_traffic__|1|0|1|0|73|0|1|0
1677158288000|2023-02-23 21:18:08|society_service|1|0|1|0|76|0|1|0
1677158288000|2023-02-23 21:18:08|__total_inbound_traffic__|1|0|1|0|76|0|1|0
1677158289000|2023-02-23 21:18:09|society_service|1|0|0|0|0|0|1|0
1677158289000|2023-02-23 21:18:09|__total_inbound_traffic__|1|0|0|0|0|0|1|0
1677158290000|2023-02-23 21:18:10|society_service|0|0|1|0|72|0|0|0
1677158290000|2023-02-23 21:18:10|__total_inbound_traffic__|0|0|1|0|72|0|0|0
1677158291000|2023-02-23 21:18:11|society_service|1|0|1|0|69|0|1|0
1677158291000|2023-02-23 21:18:11|__total_inbound_traffic__|1|0|1|0|69|0|1|0
1677158292000|2023-02-23 21:18:12|society_service|1|0|1|0|78|0|1|0
1677158292000|2023-02-23 21:18:12|__total_inbound_traffic__|1|0|1|0|78|0|1|0
1677158293000|2023-02-23 21:18:13|society_service|1|0|1|0|72|0|1|0
1677158293000|2023-02-23 21:18:13|__total_inbound_traffic__|1|0|1|0|72|0|1|0
1677158294000|2023-02-23 21:18:14|society_service|1|0|1|0|73|0|1|0
1677158294000|2023-02-23 21:18:14|__total_inbound_traffic__|1|0|1|0|73|0|1|0
1677158295000|2023-02-23 21:18:15|society_service|1|0|1|0|66|0|1|0
1677158295000|2023-02-23 21:18:15|__total_inbound_traffic__|1|0|1|0|66|0|1|0
1677158296000|2023-02-23 21:18:16|society_service|1|0|1|0|74|0|1|0
1677158296000|2023-02-23 21:18:16|__total_inbound_traffic__|1|0|1|0|74|0|1|0
1677158297000|2023-02-23 21:18:17|society_service|1|0|1|0|76|0|1|0
1677158297000|2023-02-23 21:18:17|__total_inbound_traffic__|1|0|1|0|76|0|1|0
1677158298000|2023-02-23 21:18:18|society_service|1|0|1|0|115|0|1|0
1677158298000|2023-02-23 21:18:18|__total_inbound_traffic__|1|0|1|0|115|0|1|0
1677158299000|2023-02-23 21:18:19|society_service|1|0|1|0|77|0|1|0
1677158299000|2023-02-23 21:18:19|__total_inbound_traffic__|1|0|1|0|77|0|1|0
1677158300000|2023-02-23 21:18:20|society_service|1|0|0|0|0|0|1|0
1677158300000|2023-02-23 21:18:20|__total_inbound_traffic__|1|0|0|0|0|0|1|0
1677158301000|2023-02-23 21:18:21|society_service|0|0|1|0|74|0|0|0
1677158301000|2023-02-23 21:18:21|__total_inbound_traffic__|0|0|1|0|74|0|0|0
1677158302000|2023-02-23 21:18:22|society_service|1|0|1|0|73|0|1|0
1677158302000|2023-02-23 21:18:22|__total_inbound_traffic__|1|0|1|0|73|0|1|0
1677158303000|2023-02-23 21:18:23|society_service|1|0|1|0|74|0|1|0
1677158303000|2023-02-23 21:18:23|__total_inbound_traffic__|1|0|1|0|74|0|1|0
1677158304000|2023-02-23 21:18:24|society_service|1|0|1|0|68|0|1|0
1677158304000|2023-02-23 21:18:24|__total_inbound_traffic__|1|0|1|0|68|0|1|0
1677158305000|2023-02-23 21:18:25|society_service|1|0|1|0|72|0|1|0
1677158305000|2023-02-23 21:18:25|__total_inbound_traffic__|1|0|1|0|72|0|1|0
1677158306000|2023-02-23 21:18:26|society_service|1|0|1|0|76|0|1|0
1677158306000|2023-02-23 21:18:26|__total_inbound_traffic__|1|0|1|0|76|0|1|0
1677158307000|2023-02-23 21:18:27|society_service|1|0|1|0|69|0|1|0
1677158307000|2023-02-23 21:18:27|__total_inbound_traffic__|1|0|1|0|69|0|1|0
1677158308000|2023-02-23 21:18:28|society_service|1|0|1|0|76|0|1|0
1677158308000|2023-02-23 21:18:28|__total_inbound_traffic__|1|0|1|0|76|0|1|0
1677158309000|2023-02-23 21:18:29|society_service|1|0|1|0|86|0|1|0
1677158309000|2023-02-23 21:18:29|__total_inbound_traffic__|1|0|1|0|86|0|1|0
1677158310000|2023-02-23 21:18:30|society_service|1|0|0|0|0|0|1|0
1677158310000|2023-02-23 21:18:30|__total_inbound_traffic__|1|0|0|0|0|0|1|0
1677158311000|2023-02-23 21:18:31|society_service|0|0|1|0|244|0|0|0
1677158311000|2023-02-23 21:18:31|__total_inbound_traffic__|0|0|1|0|244|0|0|0
1677158312000|2023-02-23 21:18:32|society_service|1|0|1|0|74|0|1|0
1677158312000|2023-02-23 21:18:32|__total_inbound_traffic__|1|0|1|0|74|0|1|0
1677158313000|2023-02-23 21:18:33|society_service|1|0|1|0|84|0|1|0
1677158313000|2023-02-23 21:18:33|__total_inbound_traffic__|1|0|1|0|84|0|1|0
1677158314000|2023-02-23 21:18:34|society_service|1|0|1|0|76|0|1|0
1677158314000|2023-02-23 21:18:34|__total_inbound_traffic__|1|0|1|0|76|0|1|0
1677158315000|2023-02-23 21:18:35|society_service|1|0|1|0|73|0|1|0
1677158315000|2023-02-23 21:18:35|__total_inbound_traffic__|1|0|1|0|73|0|1|0
1677158316000|2023-02-23 21:18:36|society_service|1|0|1|0|75|0|1|0
1677158316000|2023-02-23 21:18:36|__total_inbound_traffic__|1|0|1|0|75|0|1|0
1677158317000|2023-02-23 21:18:37|society_service|1|0|1|0|75|0|1|0
1677158317000|2023-02-23 21:18:37|__total_inbound_traffic__|1|0|1|0|75|0|1|0
1677158318000|2023-02-23 21:18:38|society_service|1|0|1|0|75|0|1|0
1677158318000|2023-02-23 21:18:38|__total_inbound_traffic__|1|0|1|0|75|0|1|0
1677158319000|2023-02-23 21:18:39|society_service|1|0|1|0|82|0|1|0
1677158319000|2023-02-23 21:18:39|__total_inbound_traffic__|1|0|1|0|82|0|1|0
1677158320000|2023-02-23 21:18:40|society_service|1|0|1|0|75|0|1|0
1677158320000|2023-02-23 21:18:40|__total_inbound_traffic__|1|0|1|0|75|0|1|0
1677158322000|2023-02-23 21:18:42|society_service|1|0|1|0|71|0|1|0
1677158322000|2023-02-23 21:18:42|__total_inbound_traffic__|1|0|1|0|71|0|1|0
1677158323000|2023-02-23 21:18:43|society_service|1|0|1|0|126|0|1|0
1677158323000|2023-02-23 21:18:43|__total_inbound_traffic__|1|0|1|0|126|0|1|0
1677158324000|2023-02-23 21:18:44|society_service|1|0|1|0|67|0|1|0
1677158324000|2023-02-23 21:18:44|__total_inbound_traffic__|1|0|1|0|67|0|1|0
1677158325000|2023-02-23 21:18:45|society_service|1|0|1|0|75|0|1|0
1677158325000|2023-02-23 21:18:45|__total_inbound_traffic__|1|0|1|0|75|0|1|0
1677158326000|2023-02-23 21:18:46|society_service|1|0|1|0|79|0|1|0
1677158326000|2023-02-23 21:18:46|__total_inbound_traffic__|1|0|1|0|79|0|1|0
1677158327000|2023-02-23 21:18:47|society_service|1|0|1|0|72|0|1|0
1677158327000|2023-02-23 21:18:47|__total_inbound_traffic__|1|0|1|0|72|0|1|0
1677158328000|2023-02-23 21:18:48|society_service|1|0|1|0|75|0|1|0
1677158328000|2023-02-23 21:18:48|__total_inbound_traffic__|1|0|1|0|75|0|1|0
1677158330000|2023-02-23 21:18:50|society_service|1|0|1|0|68|0|1|0
1677158330000|2023-02-23 21:18:50|__total_inbound_traffic__|1|0|1|0|68|0|1|0
1677158331000|2023-02-23 21:18:51|society_service|1|0|1|0|77|0|1|0
1677158331000|2023-02-23 21:18:51|__total_inbound_traffic__|1|0|1|0|77|0|1|0
1677158332000|2023-02-23 21:18:52|society_service|1|0|1|0|73|0|1|0
1677158332000|2023-02-23 21:18:52|__total_inbound_traffic__|1|0|1|0|73|0|1|0
1677158333000|2023-02-23 21:18:53|society_service|1|0|1|0|83|0|1|0
1677158333000|2023-02-23 21:18:53|__total_inbound_traffic__|1|0|1|0|83|0|1|0
1677158334000|2023-02-23 21:18:54|society_service|1|0|1|0|83|0|1|0
1677158334000|2023-02-23 21:18:54|__total_inbound_traffic__|1|0|1|0|83|0|1|0
1677158335000|2023-02-23 21:18:55|society_service|1|0|1|0|71|0|1|0
1677158335000|2023-02-23 21:18:55|__total_inbound_traffic__|1|0|1|0|71|0|1|0
1677158336000|2023-02-23 21:18:56|society_service|1|0|1|0|72|0|1|0
1677158336000|2023-02-23 21:18:56|__total_inbound_traffic__|1|0|1|0|72|0|1|0
1677158337000|2023-02-23 21:18:57|society_service|1|0|1|0|69|0|1|0
1677158337000|2023-02-23 21:18:57|__total_inbound_traffic__|1|0|1|0|69|0|1|0
1677158338000|2023-02-23 21:18:58|society_service|1|0|1|0|74|0|1|0
1677158338000|2023-02-23 21:18:58|__total_inbound_traffic__|1|0|1|0|74|0|1|0
1677158339000|2023-02-23 21:18:59|society_service|1|0|1|0|74|0|1|0
1677158339000|2023-02-23 21:18:59|__total_inbound_traffic__|1|0|1|0|74|0|1|0
1677158340000|2023-02-23 21:19:00|society_service|1|0|0|0|0|0|1|0
1677158340000|2023-02-23 21:19:00|__total_inbound_traffic__|1|0|0|0|0|0|1|0
1677158341000|2023-02-23 21:19:01|society_service|0|0|1|0|72|0|0|0
1677158341000|2023-02-23 21:19:01|__total_inbound_traffic__|0|0|1|0|72|0|0|0
1677158342000|2023-02-23 21:19:02|society_service|1|0|1|0|73|0|1|0
1677158342000|2023-02-23 21:19:02|__total_inbound_traffic__|1|0|1|0|73|0|1|0
1677158343000|2023-02-23 21:19:03|society_service|1|0|1|0|123|0|1|0
1677158343000|2023-02-23 21:19:03|__total_inbound_traffic__|1|0|1|0|123|0|1|0
1677158344000|2023-02-23 21:19:04|society_service|1|0|1|0|266|0|1|0
1677158344000|2023-02-23 21:19:04|__total_inbound_traffic__|1|0|1|0|266|0|1|0
1677158345000|2023-02-23 21:19:05|society_service|1|0|1|0|86|0|1|0
1677158345000|2023-02-23 21:19:05|__total_inbound_traffic__|1|0|1|0|86|0|1|0
1677158346000|2023-02-23 21:19:06|society_service|1|0|0|0|0|0|1|0
1677158346000|2023-02-23 21:19:06|__total_inbound_traffic__|1|0|0|0|0|0|1|0
1677158347000|2023-02-23 21:19:07|society_service|0|0|1|0|448|0|0|0
1677158347000|2023-02-23 21:19:07|__total_inbound_traffic__|0|0|1|0|448|0|0|0
1677158348000|2023-02-23 21:19:08|society_service|1|0|1|0|73|0|1|0
1677158348000|2023-02-23 21:19:08|__total_inbound_traffic__|1|0|1|0|73|0|1|0
1677158349000|2023-02-23 21:19:09|society_service|1|0|1|0|69|0|1|0
1677158349000|2023-02-23 21:19:09|__total_inbound_traffic__|1|0|1|0|69|0|1|0
1677158350000|2023-02-23 21:19:10|society_service|1|0|1|0|72|0|1|0
1677158350000|2023-02-23 21:19:10|__total_inbound_traffic__|1|0|1|0|72|0|1|0
1677158351000|2023-02-23 21:19:11|society_service|1|0|1|0|75|0|1|0
1677158351000|2023-02-23 21:19:11|__total_inbound_traffic__|1|0|1|0|75|0|1|0
1677158352000|2023-02-23 21:19:12|society_service|1|0|1|0|215|0|1|0
1677158352000|2023-02-23 21:19:12|__total_inbound_traffic__|1|0|1|0|215|0|1|0
1677158354000|2023-02-23 21:19:14|society_service|1|0|1|0|69|0|1|0
1677158354000|2023-02-23 21:19:14|__total_inbound_traffic__|1|0|1|0|69|0|1|0
1677158355000|2023-02-23 21:19:15|society_service|1|0|1|0|81|0|1|0
1677158355000|2023-02-23 21:19:15|__total_inbound_traffic__|1|0|1|0|81|0|1|0
1677158357000|2023-02-23 21:19:17|society_service|1|0|1|0|71|0|1|0
1677158357000|2023-02-23 21:19:17|__total_inbound_traffic__|1|0|1|0|71|0|1|0
1677158358000|2023-02-23 21:19:18|society_service|1|0|1|0|73|0|1|0
1677158358000|2023-02-23 21:19:18|__total_inbound_traffic__|1|0|1|0|73|0|1|0
1677158359000|2023-02-23 21:19:19|society_service|1|0|1|0|205|0|1|0
1677158359000|2023-02-23 21:19:19|__total_inbound_traffic__|1|0|1|0|205|0|1|0
1677158361000|2023-02-23 21:19:21|society_service|1|0|1|0|71|0|1|0
1677158361000|2023-02-23 21:19:21|__total_inbound_traffic__|1|0|1|0|71|0|1|0
1677158362000|2023-02-23 21:19:22|society_service|1|0|1|0|67|0|1|0
1677158362000|2023-02-23 21:19:22|__total_inbound_traffic__|1|0|1|0|67|0|1|0
1677158363000|2023-02-23 21:19:23|society_service|1|0|1|0|74|0|1|0
1677158363000|2023-02-23 21:19:23|__total_inbound_traffic__|1|0|1|0|74|0|1|0
1677158364000|2023-02-23 21:19:24|society_service|1|0|1|0|78|0|1|0
1677158364000|2023-02-23 21:19:24|__total_inbound_traffic__|1|0|1|0|78|0|1|0
1677158365000|2023-02-23 21:19:25|society_service|1|0|1|0|72|0|1|0
1677158365000|2023-02-23 21:19:25|__total_inbound_traffic__|1|0|1|0|72|0|1|0
1677158366000|2023-02-23 21:19:26|society_service|1|0|1|0|77|0|1|0
1677158366000|2023-02-23 21:19:26|__total_inbound_traffic__|1|0|1|0|77|0|1|0
1677158367000|2023-02-23 21:19:27|society_service|1|0|1|0|77|0|1|0
1677158367000|2023-02-23 21:19:27|__total_inbound_traffic__|1|0|1|0|77|0|1|0
1677158368000|2023-02-23 21:19:28|society_service|1|0|1|0|72|0|1|0
1677158368000|2023-02-23 21:19:28|__total_inbound_traffic__|1|0|1|0|72|0|1|0
1677158369000|2023-02-23 21:19:29|society_service|1|0|1|0|74|0|1|0
1677158369000|2023-02-23 21:19:29|__total_inbound_traffic__|1|0|1|0|74|0|1|0
1677158370000|2023-02-23 21:19:30|society_service|1|0|1|0|81|0|1|0
1677158370000|2023-02-23 21:19:30|__total_inbound_traffic__|1|0|1|0|81|0|1|0
1677158371000|2023-02-23 21:19:31|society_service|1|0|0|0|0|0|1|0
1677158371000|2023-02-23 21:19:31|__total_inbound_traffic__|1|0|0|0|0|0|1|0
1677158372000|2023-02-23 21:19:32|society_service|0|0|1|0|205|0|0|0
1677158372000|2023-02-23 21:19:32|__total_inbound_traffic__|0|0|1|0|205|0|0|0
1677158373000|2023-02-23 21:19:33|society_service|1|0|1|0|77|0|1|0
1677158373000|2023-02-23 21:19:33|__total_inbound_traffic__|1|0|1|0|77|0|1|0
1677158374000|2023-02-23 21:19:34|society_service|1|0|1|0|73|0|1|0
1677158374000|2023-02-23 21:19:34|__total_inbound_traffic__|1|0|1|0|73|0|1|0
1677158375000|2023-02-23 21:19:35|society_service|1|0|1|0|72|0|1|0
1677158375000|2023-02-23 21:19:35|__total_inbound_traffic__|1|0|1|0|72|0|1|0
1677158376000|2023-02-23 21:19:36|society_service|1|0|1|0|77|0|1|0
1677158376000|2023-02-23 21:19:36|__total_inbound_traffic__|1|0|1|0|77|0|1|0
1677158377000|2023-02-23 21:19:37|society_service|1|0|1|0|75|0|1|0
1677158377000|2023-02-23 21:19:37|__total_inbound_traffic__|1|0|1|0|75|0|1|0
1677158378000|2023-02-23 21:19:38|society_service|1|0|1|0|76|0|1|0
1677158378000|2023-02-23 21:19:38|__total_inbound_traffic__|1|0|1|0|76|0|1|0
1677158379000|2023-02-23 21:19:39|society_service|1|0|0|0|0|0|1|0
1677158379000|2023-02-23 21:19:39|__total_inbound_traffic__|1|0|0|0|0|0|1|0
1677158380000|2023-02-23 21:19:40|society_service|0|0|1|0|75|0|0|0
1677158380000|2023-02-23 21:19:40|__total_inbound_traffic__|0|0|1|0|75|0|0|0
1677158381000|2023-02-23 21:19:41|society_service|1|0|1|0|74|0|1|0
1677158381000|2023-02-23 21:19:41|__total_inbound_traffic__|1|0|1|0|74|0|1|0
1677158382000|2023-02-23 21:19:42|society_service|1|0|1|0|74|0|1|0
1677158382000|2023-02-23 21:19:42|__total_inbound_traffic__|1|0|1|0|74|0|1|0
1677158383000|2023-02-23 21:19:43|society_service|1|0|1|0|109|0|1|0
1677158383000|2023-02-23 21:19:43|__total_inbound_traffic__|1|0|1|0|109|0|1|0
1677158384000|2023-02-23 21:19:44|society_service|1|0|1|0|110|0|1|0
1677158384000|2023-02-23 21:19:44|__total_inbound_traffic__|1|0|1|0|110|0|1|0
1677158385000|2023-02-23 21:19:45|society_service|1|0|1|0|78|0|1|0
1677158385000|2023-02-23 21:19:45|__total_inbound_traffic__|1|0|1|0|78|0|1|0
1677158386000|2023-02-23 21:19:46|society_service|1|0|1|0|71|0|1|0
1677158386000|2023-02-23 21:19:46|__total_inbound_traffic__|1|0|1|0|71|0|1|0
1677158387000|2023-02-23 21:19:47|society_service|1|0|1|0|72|0|1|0
1677158387000|2023-02-23 21:19:47|__total_inbound_traffic__|1|0|1|0|72|0|1|0
1677158388000|2023-02-23 21:19:48|society_service|1|0|0|0|0|0|1|0
1677158388000|2023-02-23 21:19:48|__total_inbound_traffic__|1|0|0|0|0|0|1|0
1677158389000|2023-02-23 21:19:49|society_service|0|0|1|0|70|0|0|0
1677158389000|2023-02-23 21:19:49|__total_inbound_traffic__|0|0|1|0|70|0|0|0
1677158390000|2023-02-23 21:19:50|society_service|1|0|1|0|78|0|1|0
1677158390000|2023-02-23 21:19:50|__total_inbound_traffic__|1|0|1|0|78|0|1|0
1677158391000|2023-02-23 21:19:51|society_service|1|0|1|0|77|0|1|0
1677158391000|2023-02-23 21:19:51|__total_inbound_traffic__|1|0|1|0|77|0|1|0
1677158392000|2023-02-23 21:19:52|society_service|1|0|1|0|70|0|1|0
1677158392000|2023-02-23 21:19:52|__total_inbound_traffic__|1|0|1|0|70|0|1|0
1677158393000|2023-02-23 21:19:53|society_service|1|0|1|0|75|0|1|0
1677158393000|2023-02-23 21:19:53|__total_inbound_traffic__|1|0|1|0|75|0|1|0
1677158394000|2023-02-23 21:19:54|society_service|1|0|1|0|70|0|1|0
1677158394000|2023-02-23 21:19:54|__total_inbound_traffic__|1|0|1|0|70|0|1|0
1677158395000|2023-02-23 21:19:55|society_service|1|0|1|0|105|0|1|0
1677158395000|2023-02-23 21:19:55|__total_inbound_traffic__|1|0|1|0|105|0|1|0
1677158396000|2023-02-23 21:19:56|society_service|1|0|1|0|111|0|1|0
1677158396000|2023-02-23 21:19:56|__total_inbound_traffic__|1|0|1|0|111|0|1|0
1677158397000|2023-02-23 21:19:57|society_service|1|0|1|0|73|0|1|0
1677158397000|2023-02-23 21:19:57|__total_inbound_traffic__|1|0|1|0|73|0|1|0
1677158398000|2023-02-23 21:19:58|society_service|1|0|1|0|73|0|1|0
1677158398000|2023-02-23 21:19:58|__total_inbound_traffic__|1|0|1|0|73|0|1|0
1677158399000|2023-02-23 21:19:59|society_service|1|0|0|0|0|0|1|0
1677158399000|2023-02-23 21:19:59|__total_inbound_traffic__|1|0|0|0|0|0|1|0
1677158400000|2023-02-23 21:20:00|society_service|0|0|1|0|78|0|0|0
1677158400000|2023-02-23 21:20:00|__total_inbound_traffic__|0|0|1|0|78|0|0|0
1677158401000|2023-02-23 21:20:01|society_service|1|0|1|0|73|0|1|0
1677158401000|2023-02-23 21:20:01|__total_inbound_traffic__|1|0|1|0|73|0|1|0
1677158402000|2023-02-23 21:20:02|society_service|1|0|1|0|73|0|1|0
1677158402000|2023-02-23 21:20:02|__total_inbound_traffic__|1|0|1|0|73|0|1|0
1677158403000|2023-02-23 21:20:03|society_service|1|0|1|0|72|0|1|0
1677158403000|2023-02-23 21:20:03|__total_inbound_traffic__|1|0|1|0|72|0|1|0
1677158404000|2023-02-23 21:20:04|society_service|1|0|1|0|70|0|1|0
1677158404000|2023-02-23 21:20:04|__total_inbound_traffic__|1|0|1|0|70|0|1|0
1677158405000|2023-02-23 21:20:05|society_service|1|0|1|0|70|0|1|0
1677158405000|2023-02-23 21:20:05|__total_inbound_traffic__|1|0|1|0|70|0|1|0
1677158406000|2023-02-23 21:20:06|society_service|1|0|1|0|74|0|1|0
1677158406000|2023-02-23 21:20:06|__total_inbound_traffic__|1|0|1|0|74|0|1|0
1677158407000|2023-02-23 21:20:07|society_service|1|0|1|0|76|0|1|0
1677158407000|2023-02-23 21:20:07|__total_inbound_traffic__|1|0|1|0|76|0|1|0
1677158408000|2023-02-23 21:20:08|society_service|1|0|0|0|0|0|1|0
1677158408000|2023-02-23 21:20:08|__total_inbound_traffic__|1|0|0|0|0|0|1|0
1677158409000|2023-02-23 21:20:09|society_service|0|0|1|0|118|0|0|0
1677158409000|2023-02-23 21:20:09|__total_inbound_traffic__|0|0|1|0|118|0|0|0
1677158410000|2023-02-23 21:20:10|society_service|1|0|1|0|72|0|1|0
1677158410000|2023-02-23 21:20:10|__total_inbound_traffic__|1|0|1|0|72|0|1|0
1677158411000|2023-02-23 21:20:11|society_service|1|0|1|0|76|0|1|0
1677158411000|2023-02-23 21:20:11|__total_inbound_traffic__|1|0|1|0|76|0|1|0
1677158412000|2023-02-23 21:20:12|society_service|1|0|1|0|118|0|1|0
1677158412000|2023-02-23 21:20:12|__total_inbound_traffic__|1|0|1|0|118|0|1|0
1677158413000|2023-02-23 21:20:13|society_service|1|0|1|0|91|0|1|0
1677158413000|2023-02-23 21:20:13|__total_inbound_traffic__|1|0|1|0|91|0|1|0
1677158414000|2023-02-23 21:20:14|society_service|1|0|1|0|72|0|1|0
1677158414000|2023-02-23 21:20:14|__total_inbound_traffic__|1|0|1|0|72|0|1|0
1677158415000|2023-02-23 21:20:15|society_service|1|0|1|0|295|0|1|0
1677158415000|2023-02-23 21:20:15|__total_inbound_traffic__|1|0|1|0|295|0|1|0
1677158416000|2023-02-23 21:20:16|society_service|1|0|0|0|0|0|1|0
1677158416000|2023-02-23 21:20:16|__total_inbound_traffic__|1|0|0|0|0|0|1|0
1677158417000|2023-02-23 21:20:17|society_service|0|0|1|0|272|0|0|0
1677158417000|2023-02-23 21:20:17|__total_inbound_traffic__|0|0|1|0|272|0|0|0
1677158418000|2023-02-23 21:20:18|society_service|1|0|1|0|73|0|1|0
1677158418000|2023-02-23 21:20:18|__total_inbound_traffic__|1|0|1|0|73|0|1|0
1677158419000|2023-02-23 21:20:19|society_service|1|0|1|0|71|0|1|0
1677158419000|2023-02-23 21:20:19|__total_inbound_traffic__|1|0|1|0|71|0|1|0
1677158420000|2023-02-23 21:20:20|society_service|1|0|1|0|440|0|1|0
1677158420000|2023-02-23 21:20:20|__total_inbound_traffic__|1|0|1|0|440|0|1|0
1677158422000|2023-02-23 21:20:22|society_service|1|0|1|0|75|0|1|0
1677158422000|2023-02-23 21:20:22|__total_inbound_traffic__|1|0|1|0|75|0|1|0
1677158423000|2023-02-23 21:20:23|society_service|1|0|1|0|71|0|1|0
1677158423000|2023-02-23 21:20:23|__total_inbound_traffic__|1|0|1|0|71|0|1|0
1677158424000|2023-02-23 21:20:24|society_service|1|0|1|0|69|0|1|0
1677158424000|2023-02-23 21:20:24|__total_inbound_traffic__|1|0|1|0|69|0|1|0
1677158425000|2023-02-23 21:20:25|society_service|1|0|1|0|80|0|1|0
1677158425000|2023-02-23 21:20:25|__total_inbound_traffic__|1|0|1|0|80|0|1|0
1677158426000|2023-02-23 21:20:26|society_service|1|0|1|0|75|0|1|0
1677158426000|2023-02-23 21:20:26|__total_inbound_traffic__|1|0|1|0|75|0|1|0
1677158427000|2023-02-23 21:20:27|society_service|1|0|1|0|74|0|1|0
1677158427000|2023-02-23 21:20:27|__total_inbound_traffic__|1|0|1|0|74|0|1|0
1677158428000|2023-02-23 21:20:28|society_service|1|0|1|0|76|0|1|0
1677158428000|2023-02-23 21:20:28|__total_inbound_traffic__|1|0|1|0|76|0|1|0
1677158429000|2023-02-23 21:20:29|society_service|1|0|1|0|76|0|1|0
1677158429000|2023-02-23 21:20:29|__total_inbound_traffic__|1|0|1|0|76|0|1|0
1677158430000|2023-02-23 21:20:30|society_service|1|0|1|0|73|0|1|0
1677158430000|2023-02-23 21:20:30|__total_inbound_traffic__|1|0|1|0|73|0|1|0
1677158432000|2023-02-23 21:20:32|society_service|1|0|1|0|75|0|1|0
1677158432000|2023-02-23 21:20:32|__total_inbound_traffic__|1|0|1|0|75|0|1|0
1677158433000|2023-02-23 21:20:33|society_service|1|0|1|0|213|0|1|0
1677158433000|2023-02-23 21:20:33|__total_inbound_traffic__|1|0|1|0|213|0|1|0
1677158434000|2023-02-23 21:20:34|society_service|1|0|1|0|81|0|1|0
1677158434000|2023-02-23 21:20:34|__total_inbound_traffic__|1|0|1|0|81|0|1|0
1677158435000|2023-02-23 21:20:35|society_service|1|0|1|0|71|0|1|0
1677158435000|2023-02-23 21:20:35|__total_inbound_traffic__|1|0|1|0|71|0|1|0
1677158436000|2023-02-23 21:20:36|society_service|1|0|1|0|71|0|1|0
1677158436000|2023-02-23 21:20:36|__total_inbound_traffic__|1|0|1|0|71|0|1|0
1677158437000|2023-02-23 21:20:37|society_service|1|0|1|0|69|0|1|0
1677158437000|2023-02-23 21:20:37|__total_inbound_traffic__|1|0|1|0|69|0|1|0
1677158438000|2023-02-23 21:20:38|society_service|1|0|1|0|76|0|1|0
1677158438000|2023-02-23 21:20:38|__total_inbound_traffic__|1|0|1|0|76|0|1|0
1677158439000|2023-02-23 21:20:39|society_service|1|0|1|0|91|0|1|0
1677158439000|2023-02-23 21:20:39|__total_inbound_traffic__|1|0|1|0|91|0|1|0
1677158441000|2023-02-23 21:20:41|society_service|1|0|1|0|71|0|1|0
1677158441000|2023-02-23 21:20:41|__total_inbound_traffic__|1|0|1|0|71|0|1|0
1677158442000|2023-02-23 21:20:42|society_service|1|0|1|0|96|0|1|0
1677158442000|2023-02-23 21:20:42|__total_inbound_traffic__|1|0|1|0|96|0|1|0
1677158443000|2023-02-23 21:20:43|society_service|1|0|1|0|84|0|1|0
1677158443000|2023-02-23 21:20:43|__total_inbound_traffic__|1|0|1|0|84|0|1|0
1677158444000|2023-02-23 21:20:44|society_service|1|0|1|0|88|0|1|0
1677158444000|2023-02-23 21:20:44|__total_inbound_traffic__|1|0|1|0|88|0|1|0
1677158445000|2023-02-23 21:20:45|society_service|1|0|1|0|249|0|1|0
1677158445000|2023-02-23 21:20:45|__total_inbound_traffic__|1|0|1|0|249|0|1|0
1677158446000|2023-02-23 21:20:46|society_service|1|0|1|0|80|0|1|0
1677158446000|2023-02-23 21:20:46|__total_inbound_traffic__|1|0|1|0|80|0|1|0
1677158447000|2023-02-23 21:20:47|society_service|1|0|0|0|0|0|1|0
1677158447000|2023-02-23 21:20:47|__total_inbound_traffic__|1|0|0|0|0|0|1|0
1677158448000|2023-02-23 21:20:48|society_service|0|0|1|0|71|0|0|0
1677158448000|2023-02-23 21:20:48|__total_inbound_traffic__|0|0|1|0|71|0|0|0
1677158449000|2023-02-23 21:20:49|society_service|1|0|1|0|73|0|1|0
1677158449000|2023-02-23 21:20:49|__total_inbound_traffic__|1|0|1|0|73|0|1|0
1677158450000|2023-02-23 21:20:50|society_service|1|0|1|0|79|0|1|0
1677158450000|2023-02-23 21:20:50|__total_inbound_traffic__|1|0|1|0|79|0|1|0
1677158451000|2023-02-23 21:20:51|society_service|1|0|1|0|73|0|1|0
1677158451000|2023-02-23 21:20:51|__total_inbound_traffic__|1|0|1|0|73|0|1|0
1677158452000|2023-02-23 21:20:52|society_service|1|0|1|0|76|0|1|0
1677158452000|2023-02-23 21:20:52|__total_inbound_traffic__|1|0|1|0|76|0|1|0
1677158453000|2023-02-23 21:20:53|society_service|1|0|1|0|70|0|1|0
1677158453000|2023-02-23 21:20:53|__total_inbound_traffic__|1|0|1|0|70|0|1|0
1677158454000|2023-02-23 21:20:54|society_service|1|0|1|0|73|0|1|0
1677158454000|2023-02-23 21:20:54|__total_inbound_traffic__|1|0|1|0|73|0|1|0
1677158455000|2023-02-23 21:20:55|society_service|1|0|1|0|73|0|1|0
1677158455000|2023-02-23 21:20:55|__total_inbound_traffic__|1|0|1|0|73|0|1|0
1677158456000|2023-02-23 21:20:56|society_service|1|0|1|0|73|0|1|0
1677158456000|2023-02-23 21:20:56|__total_inbound_traffic__|1|0|1|0|73|0|1|0
1677158457000|2023-02-23 21:20:57|society_service|1|0|0|0|0|0|1|0
1677158457000|2023-02-23 21:20:57|__total_inbound_traffic__|1|0|0|0|0|0|1|0
1677158458000|2023-02-23 21:20:58|society_service|0|0|1|0|125|0|0|0
1677158458000|2023-02-23 21:20:58|__total_inbound_traffic__|0|0|1|0|125|0|0|0
1677158459000|2023-02-23 21:20:59|society_service|1|0|1|0|70|0|1|0
1677158459000|2023-02-23 21:20:59|__total_inbound_traffic__|1|0|1|0|70|0|1|0
1677158460000|2023-02-23 21:21:00|society_service|1|0|1|0|79|0|1|0
1677158460000|2023-02-23 21:21:00|__total_inbound_traffic__|1|0|1|0|79|0|1|0
1677158461000|2023-02-23 21:21:01|society_service|1|0|1|0|93|0|1|0
1677158461000|2023-02-23 21:21:01|__total_inbound_traffic__|1|0|1|0|93|0|1|0
1677158462000|2023-02-23 21:21:02|society_service|1|0|1|0|70|0|1|0
1677158462000|2023-02-23 21:21:02|__total_inbound_traffic__|1|0|1|0|70|0|1|0
1677158463000|2023-02-23 21:21:03|society_service|1|0|1|0|71|0|1|0
1677158463000|2023-02-23 21:21:03|__total_inbound_traffic__|1|0|1|0|71|0|1|0
1677158464000|2023-02-23 21:21:04|society_service|1|0|1|0|69|0|1|0
1677158464000|2023-02-23 21:21:04|__total_inbound_traffic__|1|0|1|0|69|0|1|0
1677158465000|2023-02-23 21:21:05|society_service|1|0|1|0|75|0|1|0
1677158465000|2023-02-23 21:21:05|__total_inbound_traffic__|1|0|1|0|75|0|1|0
1677158466000|2023-02-23 21:21:06|society_service|1|0|1|0|69|0|1|0
1677158466000|2023-02-23 21:21:06|__total_inbound_traffic__|1|0|1|0|69|0|1|0
1677158468000|2023-02-23 21:21:08|society_service|1|0|1|0|73|0|1|0
1677158468000|2023-02-23 21:21:08|__total_inbound_traffic__|1|0|1|0|73|0|1|0
1677158469000|2023-02-23 21:21:09|society_service|1|0|1|0|73|0|1|0
1677158469000|2023-02-23 21:21:09|__total_inbound_traffic__|1|0|1|0|73|0|1|0
1677158470000|2023-02-23 21:21:10|society_service|1|0|1|0|77|0|1|0
1677158470000|2023-02-23 21:21:10|__total_inbound_traffic__|1|0|1|0|77|0|1|0
1677158471000|2023-02-23 21:21:11|society_service|1|0|1|0|77|0|1|0
1677158471000|2023-02-23 21:21:11|__total_inbound_traffic__|1|0|1|0|77|0|1|0
1677158472000|2023-02-23 21:21:12|society_service|1|0|1|0|72|0|1|0
1677158472000|2023-02-23 21:21:12|__total_inbound_traffic__|1|0|1|0|72|0|1|0
1677158473000|2023-02-23 21:21:13|society_service|1|0|1|0|76|0|1|0
1677158473000|2023-02-23 21:21:13|__total_inbound_traffic__|1|0|1|0|76|0|1|0
1677158474000|2023-02-23 21:21:14|society_service|1|0|1|0|81|0|1|0
1677158474000|2023-02-23 21:21:14|__total_inbound_traffic__|1|0|1|0|81|0|1|0
1677158475000|2023-02-23 21:21:15|society_service|1|0|1|0|70|0|1|0
1677158475000|2023-02-23 21:21:15|__total_inbound_traffic__|1|0|1|0|70|0|1|0
1677158476000|2023-02-23 21:21:16|society_service|1|0|1|0|72|0|1|0
1677158476000|2023-02-23 21:21:16|__total_inbound_traffic__|1|0|1|0|72|0|1|0
1677158477000|2023-02-23 21:21:17|society_service|1|0|1|0|69|0|1|0
1677158477000|2023-02-23 21:21:17|__total_inbound_traffic__|1|0|1|0|69|0|1|0
1677158478000|2023-02-23 21:21:18|society_service|1|0|0|0|0|0|1|0
1677158478000|2023-02-23 21:21:18|__total_inbound_traffic__|1|0|0|0|0|0|1|0
1677158479000|2023-02-23 21:21:19|society_service|0|0|1|0|72|0|0|0
1677158479000|2023-02-23 21:21:19|__total_inbound_traffic__|0|0|1|0|72|0|0|0
1677158480000|2023-02-23 21:21:20|society_service|1|0|1|0|72|0|1|0
1677158480000|2023-02-23 21:21:20|__total_inbound_traffic__|1|0|1|0|72|0|1|0
1677158481000|2023-02-23 21:21:21|society_service|1|0|1|0|74|0|1|0
1677158481000|2023-02-23 21:21:21|__total_inbound_traffic__|1|0|1|0|74|0|1|0
1677158482000|2023-02-23 21:21:22|society_service|1|0|1|0|241|0|1|0
1677158482000|2023-02-23 21:21:22|__total_inbound_traffic__|1|0|1|0|241|0|1|0
1677158483000|2023-02-23 21:21:23|society_service|1|0|1|0|71|0|1|0
1677158483000|2023-02-23 21:21:23|__total_inbound_traffic__|1|0|1|0|71|0|1|0
1677158484000|2023-02-23 21:21:24|society_service|1|0|1|0|75|0|1|0
1677158484000|2023-02-23 21:21:24|__total_inbound_traffic__|1|0|1|0|75|0|1|0
1677158485000|2023-02-23 21:21:25|society_service|1|0|1|0|70|0|1|0
1677158485000|2023-02-23 21:21:25|__total_inbound_traffic__|1|0|1|0|70|0|1|0
1677158486000|2023-02-23 21:21:26|society_service|1|0|1|0|71|0|1|0
1677158486000|2023-02-23 21:21:26|__total_inbound_traffic__|1|0|1|0|71|0|1|0
1677158487000|2023-02-23 21:21:27|society_service|1|0|1|0|71|0|1|0
1677158487000|2023-02-23 21:21:27|__total_inbound_traffic__|1|0|1|0|71|0|1|0
1677158488000|2023-02-23 21:21:28|society_service|1|0|1|0|71|0|1|0
1677158488000|2023-02-23 21:21:28|__total_inbound_traffic__|1|0|1|0|71|0|1|0
1677158489000|2023-02-23 21:21:29|society_service|1|0|0|0|0|0|1|0
1677158489000|2023-02-23 21:21:29|__total_inbound_traffic__|1|0|0|0|0|0|1|0
1677158490000|2023-02-23 21:21:30|society_service|0|0|1|0|75|0|0|0
1677158490000|2023-02-23 21:21:30|__total_inbound_traffic__|0|0|1|0|75|0|0|0
1677158491000|2023-02-23 21:21:31|society_service|1|0|1|0|121|0|1|0
1677158491000|2023-02-23 21:21:31|__total_inbound_traffic__|1|0|1|0|121|0|1|0
1677158492000|2023-02-23 21:21:32|society_service|1|0|1|0|75|0|1|0
1677158492000|2023-02-23 21:21:32|__total_inbound_traffic__|1|0|1|0|75|0|1|0
1677158493000|2023-02-23 21:21:33|society_service|1|0|1|0|72|0|1|0
1677158493000|2023-02-23 21:21:33|__total_inbound_traffic__|1|0|1|0|72|0|1|0
1677158494000|2023-02-23 21:21:34|society_service|1|0|1|0|206|0|1|0
1677158494000|2023-02-23 21:21:34|__total_inbound_traffic__|1|0|1|0|206|0|1|0
1677158495000|2023-02-23 21:21:35|society_service|1|0|1|0|76|0|1|0
1677158495000|2023-02-23 21:21:35|__total_inbound_traffic__|1|0|1|0|76|0|1|0
1677158496000|2023-02-23 21:21:36|society_service|1|0|1|0|76|0|1|0
1677158496000|2023-02-23 21:21:36|__total_inbound_traffic__|1|0|1|0|76|0|1|0
1677158497000|2023-02-23 21:21:37|society_service|1|0|1|0|69|0|1|0
1677158497000|2023-02-23 21:21:37|__total_inbound_traffic__|1|0|1|0|69|0|1|0
1677158499000|2023-02-23 21:21:39|society_service|1|0|1|0|72|0|1|0
1677158499000|2023-02-23 21:21:39|__total_inbound_traffic__|1|0|1|0|72|0|1|0
1677158500000|2023-02-23 21:21:40|society_service|1|0|1|0|72|0|1|0
1677158500000|2023-02-23 21:21:40|__total_inbound_traffic__|1|0|1|0|72|0|1|0
1677158501000|2023-02-23 21:21:41|society_service|1|0|1|0|69|0|1|0
1677158501000|2023-02-23 21:21:41|__total_inbound_traffic__|1|0|1|0|69|0|1|0
1677158502000|2023-02-23 21:21:42|society_service|1|0|1|0|67|0|1|0
1677158502000|2023-02-23 21:21:42|__total_inbound_traffic__|1|0|1|0|67|0|1|0
1677158503000|2023-02-23 21:21:43|society_service|1|0|1|0|69|0|1|0
1677158503000|2023-02-23 21:21:43|__total_inbound_traffic__|1|0|1|0|69|0|1|0
1677158504000|2023-02-23 21:21:44|society_service|1|0|1|0|72|0|1|0
1677158504000|2023-02-23 21:21:44|__total_inbound_traffic__|1|0|1|0|72|0|1|0
1677158505000|2023-02-23 21:21:45|society_service|1|0|1|0|74|0|1|0
1677158505000|2023-02-23 21:21:45|__total_inbound_traffic__|1|0|1|0|74|0|1|0
1677158506000|2023-02-23 21:21:46|society_service|1|0|1|0|127|0|1|0
1677158506000|2023-02-23 21:21:46|__total_inbound_traffic__|1|0|1|0|127|0|1|0
1677158507000|2023-02-23 21:21:47|society_service|1|0|0|0|0|0|1|0
1677158507000|2023-02-23 21:21:47|__total_inbound_traffic__|1|0|0|0|0|0|1|0
1677158508000|2023-02-23 21:21:48|society_service|0|0|1|0|70|0|0|0
1677158508000|2023-02-23 21:21:48|__total_inbound_traffic__|0|0|1|0|70|0|0|0
1677158509000|2023-02-23 21:21:49|society_service|1|0|1|0|78|0|1|0
1677158509000|2023-02-23 21:21:49|__total_inbound_traffic__|1|0|1|0|78|0|1|0
1677158510000|2023-02-23 21:21:50|society_service|1|0|1|0|75|0|1|0
1677158510000|2023-02-23 21:21:50|__total_inbound_traffic__|1|0|1|0|75|0|1|0
1677158511000|2023-02-23 21:21:51|society_service|1|0|1|0|73|0|1|0
1677158511000|2023-02-23 21:21:51|__total_inbound_traffic__|1|0|1|0|73|0|1|0
1677158512000|2023-02-23 21:21:52|society_service|1|0|1|0|72|0|1|0
1677158512000|2023-02-23 21:21:52|__total_inbound_traffic__|1|0|1|0|72|0|1|0
1677158513000|2023-02-23 21:21:53|society_service|1|0|1|0|72|0|1|0
1677158513000|2023-02-23 21:21:53|__total_inbound_traffic__|1|0|1|0|72|0|1|0
1677158514000|2023-02-23 21:21:54|society_service|1|0|1|0|74|0|1|0
1677158514000|2023-02-23 21:21:54|__total_inbound_traffic__|1|0|1|0|74|0|1|0
1677158515000|2023-02-23 21:21:55|society_service|1|0|1|0|76|0|1|0
1677158515000|2023-02-23 21:21:55|__total_inbound_traffic__|1|0|1|0|76|0|1|0
1677158516000|2023-02-23 21:21:56|society_service|1|0|1|0|74|0|1|0
1677158516000|2023-02-23 21:21:56|__total_inbound_traffic__|1|0|1|0|74|0|1|0
1677158517000|2023-02-23 21:21:57|society_service|1|0|1|0|75|0|1|0
1677158517000|2023-02-23 21:21:57|__total_inbound_traffic__|1|0|1|0|75|0|1|0
1677158518000|2023-02-23 21:21:58|society_service|1|0|0|0|0|0|1|0
1677158518000|2023-02-23 21:21:58|__total_inbound_traffic__|1|0|0|0|0|0|1|0
1677158519000|2023-02-23 21:21:59|society_service|0|0|1|0|239|0|0|0
1677158519000|2023-02-23 21:21:59|__total_inbound_traffic__|0|0|1|0|239|0|0|0
1677158520000|2023-02-23 21:22:00|society_service|1|0|1|0|70|0|1|0
1677158520000|2023-02-23 21:22:00|__total_inbound_traffic__|1|0|1|0|70|0|1|0
1677158521000|2023-02-23 21:22:01|society_service|1|0|1|0|74|0|1|0
1677158521000|2023-02-23 21:22:01|__total_inbound_traffic__|1|0|1|0|74|0|1|0
1677158522000|2023-02-23 21:22:02|society_service|1|0|1|0|75|0|1|0
1677158522000|2023-02-23 21:22:02|__total_inbound_traffic__|1|0|1|0|75|0|1|0
1677158523000|2023-02-23 21:22:03|society_service|1|0|1|0|70|0|1|0
1677158523000|2023-02-23 21:22:03|__total_inbound_traffic__|1|0|1|0|70|0|1|0
1677158524000|2023-02-23 21:22:04|society_service|1|0|1|0|70|0|1|0
1677158524000|2023-02-23 21:22:04|__total_inbound_traffic__|1|0|1|0|70|0|1|0
1677158525000|2023-02-23 21:22:05|society_service|1|0|1|0|70|0|1|0
1677158525000|2023-02-23 21:22:05|__total_inbound_traffic__|1|0|1|0|70|0|1|0
1677158526000|2023-02-23 21:22:06|society_service|1|0|1|0|67|0|1|0
1677158526000|2023-02-23 21:22:06|__total_inbound_traffic__|1|0|1|0|67|0|1|0
1677158527000|2023-02-23 21:22:07|society_service|1|0|1|0|74|0|1|0
1677158527000|2023-02-23 21:22:07|__total_inbound_traffic__|1|0|1|0|74|0|1|0
1677158528000|2023-02-23 21:22:08|society_service|1|0|0|0|0|0|1|0
1677158528000|2023-02-23 21:22:08|__total_inbound_traffic__|1|0|0|0|0|0|1|0
1677158529000|2023-02-23 21:22:09|society_service|0|0|1|0|73|0|0|0
1677158529000|2023-02-23 21:22:09|__total_inbound_traffic__|0|0|1|0|73|0|0|0
1677158530000|2023-02-23 21:22:10|society_service|1|0|1|0|81|0|1|0
1677158530000|2023-02-23 21:22:10|__total_inbound_traffic__|1|0|1|0|81|0|1|0
1677158531000|2023-02-23 21:22:11|society_service|1|0|1|0|203|0|1|0
1677158531000|2023-02-23 21:22:11|__total_inbound_traffic__|1|0|1|0|203|0|1|0
1677158532000|2023-02-23 21:22:12|society_service|1|0|1|0|79|0|1|0
1677158532000|2023-02-23 21:22:12|__total_inbound_traffic__|1|0|1|0|79|0|1|0
1677158533000|2023-02-23 21:22:13|society_service|1|0|1|0|73|0|1|0
1677158533000|2023-02-23 21:22:13|__total_inbound_traffic__|1|0|1|0|73|0|1|0
1677158534000|2023-02-23 21:22:14|society_service|1|0|1|0|70|0|1|0
1677158534000|2023-02-23 21:22:14|__total_inbound_traffic__|1|0|1|0|70|0|1|0
1677158535000|2023-02-23 21:22:15|society_service|1|0|1|0|69|0|1|0
1677158535000|2023-02-23 21:22:15|__total_inbound_traffic__|1|0|1|0|69|0|1|0
1677158536000|2023-02-23 21:22:16|society_service|1|0|1|0|73|0|1|0
1677158536000|2023-02-23 21:22:16|__total_inbound_traffic__|1|0|1|0|73|0|1|0
1677158537000|2023-02-23 21:22:17|society_service|1|0|1|0|69|0|1|0
1677158537000|2023-02-23 21:22:17|__total_inbound_traffic__|1|0|1|0|69|0|1|0
1677158538000|2023-02-23 21:22:18|society_service|1|0|1|0|71|0|1|0
1677158538000|2023-02-23 21:22:18|__total_inbound_traffic__|1|0|1|0|71|0|1|0
1677158539000|2023-02-23 21:22:19|society_service|1|0|0|0|0|0|1|0
1677158539000|2023-02-23 21:22:19|__total_inbound_traffic__|1|0|0|0|0|0|1|0
1677158540000|2023-02-23 21:22:20|society_service|0|0|1|0|74|0|0|0
1677158540000|2023-02-23 21:22:20|__total_inbound_traffic__|0|0|1|0|74|0|0|0
1677158541000|2023-02-23 21:22:21|society_service|1|0|1|0|72|0|1|0
1677158541000|2023-02-23 21:22:21|__total_inbound_traffic__|1|0|1|0|72|0|1|0
1677158542000|2023-02-23 21:22:22|society_service|1|0|1|0|106|0|1|0
1677158542000|2023-02-23 21:22:22|__total_inbound_traffic__|1|0|1|0|106|0|1|0
1677158543000|2023-02-23 21:22:23|society_service|1|0|1|0|338|0|1|0
1677158543000|2023-02-23 21:22:23|__total_inbound_traffic__|1|0|1|0|338|0|1|0
1677158544000|2023-02-23 21:22:24|society_service|1|0|1|0|72|0|1|0
1677158544000|2023-02-23 21:22:24|__total_inbound_traffic__|1|0|1|0|72|0|1|0
1677158545000|2023-02-23 21:22:25|society_service|1|0|1|0|72|0|1|0
1677158545000|2023-02-23 21:22:25|__total_inbound_traffic__|1|0|1|0|72|0|1|0
1677158546000|2023-02-23 21:22:26|society_service|1|0|0|0|0|0|1|0
1677158546000|2023-02-23 21:22:26|__total_inbound_traffic__|1|0|0|0|0|0|1|0
1677158547000|2023-02-23 21:22:27|society_service|0|0|1|0|76|0|0|0
1677158547000|2023-02-23 21:22:27|__total_inbound_traffic__|0|0|1|0|76|0|0|0
1677158548000|2023-02-23 21:22:28|society_service|1|0|1|0|71|0|1|0
1677158548000|2023-02-23 21:22:28|__total_inbound_traffic__|1|0|1|0|71|0|1|0
1677158549000|2023-02-23 21:22:29|society_service|1|0|1|0|70|0|1|0
1677158549000|2023-02-23 21:22:29|__total_inbound_traffic__|1|0|1|0|70|0|1|0
1677158550000|2023-02-23 21:22:30|society_service|1|0|1|0|70|0|1|0
1677158550000|2023-02-23 21:22:30|__total_inbound_traffic__|1|0|1|0|70|0|1|0
1677158551000|2023-02-23 21:22:31|society_service|1|0|1|0|74|0|1|0
1677158551000|2023-02-23 21:22:31|__total_inbound_traffic__|1|0|1|0|74|0|1|0
1677158552000|2023-02-23 21:22:32|society_service|1|0|1|0|71|0|1|0
1677158552000|2023-02-23 21:22:32|__total_inbound_traffic__|1|0|1|0|71|0|1|0
1677158553000|2023-02-23 21:22:33|society_service|1|0|1|0|74|0|1|0
1677158553000|2023-02-23 21:22:33|__total_inbound_traffic__|1|0|1|0|74|0|1|0
1677158554000|2023-02-23 21:22:34|society_service|1|0|1|0|69|0|1|0
1677158554000|2023-02-23 21:22:34|__total_inbound_traffic__|1|0|1|0|69|0|1|0
1677158555000|2023-02-23 21:22:35|society_service|1|0|1|0|127|0|1|0
1677158555000|2023-02-23 21:22:35|__total_inbound_traffic__|1|0|1|0|127|0|1|0
1677158557000|2023-02-23 21:22:37|society_service|1|0|1|0|72|0|1|0
1677158557000|2023-02-23 21:22:37|__total_inbound_traffic__|1|0|1|0|72|0|1|0
1677158558000|2023-02-23 21:22:38|society_service|1|0|1|0|74|0|1|0
1677158558000|2023-02-23 21:22:38|__total_inbound_traffic__|1|0|1|0|74|0|1|0
1677158559000|2023-02-23 21:22:39|society_service|1|0|1|0|71|0|1|0
1677158559000|2023-02-23 21:22:39|__total_inbound_traffic__|1|0|1|0|71|0|1|0
1677158560000|2023-02-23 21:22:40|society_service|1|0|1|0|74|0|1|0
1677158560000|2023-02-23 21:22:40|__total_inbound_traffic__|1|0|1|0|74|0|1|0
1677158561000|2023-02-23 21:22:41|society_service|1|0|1|0|73|0|1|0
1677158561000|2023-02-23 21:22:41|__total_inbound_traffic__|1|0|1|0|73|0|1|0
1677158562000|2023-02-23 21:22:42|society_service|1|0|1|0|73|0|1|0
1677158562000|2023-02-23 21:22:42|__total_inbound_traffic__|1|0|1|0|73|0|1|0
1677158563000|2023-02-23 21:22:43|society_service|1|0|1|0|73|0|1|0
1677158563000|2023-02-23 21:22:43|__total_inbound_traffic__|1|0|1|0|73|0|1|0
1677158564000|2023-02-23 21:22:44|society_service|1|0|1|0|73|0|1|0
1677158564000|2023-02-23 21:22:44|__total_inbound_traffic__|1|0|1|0|73|0|1|0
1677158565000|2023-02-23 21:22:45|society_service|1|0|0|0|0|0|1|0
1677158565000|2023-02-23 21:22:45|__total_inbound_traffic__|1|0|0|0|0|0|1|0
1677158566000|2023-02-23 21:22:46|society_service|0|0|1|0|73|0|0|0
1677158566000|2023-02-23 21:22:46|__total_inbound_traffic__|0|0|1|0|73|0|0|0
1677158567000|2023-02-23 21:22:47|society_service|1|0|1|0|74|0|1|0
1677158567000|2023-02-23 21:22:47|__total_inbound_traffic__|1|0|1|0|74|0|1|0
1677158568000|2023-02-23 21:22:48|society_service|1|0|1|0|75|0|1|0
1677158568000|2023-02-23 21:22:48|__total_inbound_traffic__|1|0|1|0|75|0|1|0
1677158569000|2023-02-23 21:22:49|society_service|1|0|1|0|76|0|1|0
1677158569000|2023-02-23 21:22:49|__total_inbound_traffic__|1|0|1|0|76|0|1|0
1677158570000|2023-02-23 21:22:50|society_service|1|0|1|0|70|0|1|0
1677158570000|2023-02-23 21:22:50|__total_inbound_traffic__|1|0|1|0|70|0|1|0
1677158571000|2023-02-23 21:22:51|society_service|1|0|1|0|72|0|1|0
1677158571000|2023-02-23 21:22:51|__total_inbound_traffic__|1|0|1|0|72|0|1|0
