1677152814000|2023-02-23 19:46:54|society_service|1|0|1|0|666|0|1|0
1677152814000|2023-02-23 19:46:54|core_service|1|0|0|0|0|0|1|0
1677152814000|2023-02-23 19:46:54|__total_inbound_traffic__|2|0|1|0|666|0|2|0
1677152815000|2023-02-23 19:46:55|core_service|2|0|2|0|517|0|2|0
1677152815000|2023-02-23 19:46:55|interaction_service|1|0|0|0|0|0|1|0
1677152815000|2023-02-23 19:46:55|__total_inbound_traffic__|3|0|2|0|517|0|3|0
1677152816000|2023-02-23 19:46:56|core_service|0|0|1|0|596|0|0|0
1677152816000|2023-02-23 19:46:56|interaction_service|0|0|1|0|377|0|0|0
1677152816000|2023-02-23 19:46:56|__total_inbound_traffic__|0|0|2|0|486|0|0|0
1677152828000|2023-02-23 19:47:08|society_service|1|0|1|0|113|0|1|0
1677152828000|2023-02-23 19:47:08|core_service|1|0|1|0|254|0|1|0
1677152828000|2023-02-23 19:47:08|__total_inbound_traffic__|2|0|2|0|183|0|2|0
1677152829000|2023-02-23 19:47:09|core_service|2|0|2|0|258|0|2|0
1677152829000|2023-02-23 19:47:09|interaction_service|1|0|1|0|246|0|1|0
1677152829000|2023-02-23 19:47:09|__total_inbound_traffic__|3|0|3|0|254|0|3|0
1677152833000|2023-02-23 19:47:13|core_service|1|0|1|0|381|0|1|0
1677152833000|2023-02-23 19:47:13|interaction_service|1|0|1|0|244|0|1|0
1677152833000|2023-02-23 19:47:13|__total_inbound_traffic__|2|0|2|0|312|0|2|0
1677152937000|2023-02-23 19:48:57|core_service|1|0|0|0|0|0|1|0
1677152937000|2023-02-23 19:48:57|__total_inbound_traffic__|1|0|0|0|0|0|1|0
1677152938000|2023-02-23 19:48:58|core_service|0|0|1|0|221|0|0|0
1677152938000|2023-02-23 19:48:58|__total_inbound_traffic__|0|0|1|0|221|0|0|0
1677153017000|2023-02-23 19:50:17|core_service|1|0|1|0|369|0|1|0
1677153017000|2023-02-23 19:50:17|interaction_service|1|0|1|0|312|0|1|0
1677153017000|2023-02-23 19:50:17|__total_inbound_traffic__|2|0|2|0|340|0|2|0
1677153026000|2023-02-23 19:50:26|core_service|3|0|2|0|97|0|1|0
1677153026000|2023-02-23 19:50:26|interaction_service|1|0|1|0|2|0|1|0
1677153026000|2023-02-23 19:50:26|__total_inbound_traffic__|4|0|3|0|65|0|2|0
1677153027000|2023-02-23 19:50:27|core_service|0|0|1|0|19|0|0|0
1677153027000|2023-02-23 19:50:27|__total_inbound_traffic__|0|0|1|0|19|0|0|0
1677153036000|2023-02-23 19:50:36|core_service|3|0|2|0|291|0|1|0
1677153036000|2023-02-23 19:50:36|interaction_service|1|0|0|0|0|0|1|0
1677153036000|2023-02-23 19:50:36|__total_inbound_traffic__|4|0|2|0|291|0|2|0
1677153037000|2023-02-23 19:50:37|core_service|0|0|1|0|374|0|0|0
1677153037000|2023-02-23 19:50:37|interaction_service|0|0|1|0|240|0|0|0
1677153037000|2023-02-23 19:50:37|__total_inbound_traffic__|0|0|2|0|307|0|0|0
1677153146000|2023-02-23 19:52:26|core_service|1|0|1|0|424|0|1|0
1677153146000|2023-02-23 19:52:26|interaction_service|1|0|1|0|363|0|1|0
1677153146000|2023-02-23 19:52:26|__total_inbound_traffic__|2|0|2|0|393|0|1|0
1677153262000|2023-02-23 19:54:22|core_service|3|0|2|0|179|0|2|0
1677153262000|2023-02-23 19:54:22|interaction_service|1|0|0|0|0|0|1|0
1677153262000|2023-02-23 19:54:22|society_service|1|0|1|0|151|0|1|0
1677153262000|2023-02-23 19:54:22|__total_inbound_traffic__|5|0|3|0|169|0|3|0
1677153263000|2023-02-23 19:54:23|core_service|0|0|1|0|378|0|0|0
1677153263000|2023-02-23 19:54:23|interaction_service|0|0|1|0|233|0|0|0
1677153263000|2023-02-23 19:54:23|__total_inbound_traffic__|0|0|2|0|305|0|0|0
1677153265000|2023-02-23 19:54:25|core_service|1|0|1|0|324|0|1|0
1677153265000|2023-02-23 19:54:25|interaction_service|1|0|1|0|199|0|1|0
1677153265000|2023-02-23 19:54:25|__total_inbound_traffic__|2|0|2|0|261|0|1|0
1677153274000|2023-02-23 19:54:34|core_service|1|0|1|0|355|0|1|0
1677153274000|2023-02-23 19:54:34|interaction_service|1|0|1|0|223|0|1|0
1677153274000|2023-02-23 19:54:34|__total_inbound_traffic__|2|0|2|0|289|0|2|0
1677153330000|2023-02-23 19:55:30|core_service|1|0|0|0|0|0|1|0
1677153330000|2023-02-23 19:55:30|interaction_service|1|0|0|0|0|0|1|0
1677153330000|2023-02-23 19:55:30|__total_inbound_traffic__|2|0|0|0|0|0|2|0
1677153331000|2023-02-23 19:55:31|core_service|0|0|1|0|371|0|0|0
1677153331000|2023-02-23 19:55:31|interaction_service|0|0|1|0|326|0|0|0
1677153331000|2023-02-23 19:55:31|__total_inbound_traffic__|0|0|2|0|348|0|0|0
1677153377000|2023-02-23 19:56:17|core_service|1|0|0|0|0|0|1|0
1677153377000|2023-02-23 19:56:17|__total_inbound_traffic__|1|0|0|0|0|0|1|0
1677153378000|2023-02-23 19:56:18|core_service|0|0|1|0|1805|0|0|0
1677153378000|2023-02-23 19:56:18|__total_inbound_traffic__|0|0|1|0|1805|0|0|0
1677153380000|2023-02-23 19:56:20|interaction_service|1|0|1|0|815|0|1|0
1677153380000|2023-02-23 19:56:20|core_service|1|0|0|0|0|0|1|0
1677153380000|2023-02-23 19:56:20|__total_inbound_traffic__|2|0|1|0|815|0|2|0
1677153381000|2023-02-23 19:56:21|core_service|0|0|1|0|1201|0|0|0
1677153381000|2023-02-23 19:56:21|__total_inbound_traffic__|0|0|1|0|1201|0|0|0
1677153424000|2023-02-23 19:57:04|core_service|2|0|1|0|115|0|2|0
1677153424000|2023-02-23 19:57:04|interaction_service|1|0|0|0|0|0|1|0
1677153424000|2023-02-23 19:57:04|__total_inbound_traffic__|3|0|1|0|115|0|3|0
1677153425000|2023-02-23 19:57:05|core_service|0|0|1|0|501|0|0|0
1677153425000|2023-02-23 19:57:05|interaction_service|0|0|1|0|362|0|0|0
1677153425000|2023-02-23 19:57:05|__total_inbound_traffic__|0|0|2|0|431|0|0|0
1677153428000|2023-02-23 19:57:08|core_service|2|0|0|0|0|0|2|0
1677153428000|2023-02-23 19:57:08|interaction_service|1|0|0|0|0|0|1|0
1677153428000|2023-02-23 19:57:08|__total_inbound_traffic__|3|0|0|0|0|0|3|0
1677153429000|2023-02-23 19:57:09|core_service|0|0|2|0|687|0|0|0
1677153429000|2023-02-23 19:57:09|interaction_service|0|0|1|0|736|0|0|0
1677153429000|2023-02-23 19:57:09|__total_inbound_traffic__|0|0|3|0|703|0|0|0
1677153430000|2023-02-23 19:57:10|interaction_service|1|0|1|0|542|0|1|0
1677153430000|2023-02-23 19:57:10|core_service|2|0|2|0|475|0|2|0
1677153430000|2023-02-23 19:57:10|__total_inbound_traffic__|3|0|3|0|497|0|3|0
1677153431000|2023-02-23 19:57:11|interaction_service|1|0|0|0|0|0|1|0
1677153431000|2023-02-23 19:57:11|core_service|2|0|1|0|86|0|2|0
1677153431000|2023-02-23 19:57:11|__total_inbound_traffic__|3|0|1|0|86|0|3|0
1677153432000|2023-02-23 19:57:12|core_service|2|0|1|0|452|0|2|0
1677153432000|2023-02-23 19:57:12|interaction_service|1|0|1|0|239|0|1|0
1677153432000|2023-02-23 19:57:12|__total_inbound_traffic__|3|0|2|0|345|0|3|0
1677153433000|2023-02-23 19:57:13|core_service|0|0|2|0|355|0|0|0
1677153433000|2023-02-23 19:57:13|interaction_service|0|0|1|0|300|0|0|0
1677153433000|2023-02-23 19:57:13|__total_inbound_traffic__|0|0|3|0|337|0|0|0
1677153435000|2023-02-23 19:57:15|core_service|2|0|1|0|78|0|2|0
1677153435000|2023-02-23 19:57:15|interaction_service|1|0|1|0|209|0|1|0
1677153435000|2023-02-23 19:57:15|__total_inbound_traffic__|3|0|2|0|143|0|3|0
1677153436000|2023-02-23 19:57:16|core_service|1|0|2|0|219|0|1|0
1677153436000|2023-02-23 19:57:16|__total_inbound_traffic__|1|0|2|0|219|0|1|0
1677153438000|2023-02-23 19:57:18|core_service|2|0|1|0|81|0|2|0
1677153438000|2023-02-23 19:57:18|interaction_service|1|0|1|0|259|0|1|0
1677153438000|2023-02-23 19:57:18|__total_inbound_traffic__|3|0|2|0|170|0|3|0
1677153439000|2023-02-23 19:57:19|core_service|0|0|1|0|539|0|0|0
1677153439000|2023-02-23 19:57:19|__total_inbound_traffic__|0|0|1|0|539|0|0|0
1677153456000|2023-02-23 19:57:36|core_service|1|0|1|0|0|0|1|0
1677153456000|2023-02-23 19:57:36|__total_inbound_traffic__|1|0|1|0|0|0|1|0
1677153460000|2023-02-23 19:57:40|core_service|1|0|1|0|154|0|1|0
1677153460000|2023-02-23 19:57:40|__total_inbound_traffic__|1|0|1|0|154|0|1|0
1677153474000|2023-02-23 19:57:54|core_service|1|0|1|0|1|0|1|0
1677153474000|2023-02-23 19:57:54|__total_inbound_traffic__|1|0|1|0|1|0|1|0
1677153480000|2023-02-23 19:58:00|core_service|1|0|0|0|0|0|1|0
1677153480000|2023-02-23 19:58:00|__total_inbound_traffic__|1|0|0|0|0|0|1|0
1677153481000|2023-02-23 19:58:01|core_service|0|0|1|0|406|0|0|0
1677153481000|2023-02-23 19:58:01|__total_inbound_traffic__|0|0|1|0|406|0|0|0
1677153497000|2023-02-23 19:58:17|core_service|2|0|2|0|298|0|2|0
1677153497000|2023-02-23 19:58:17|interaction_service|1|0|1|0|258|0|1|0
1677153497000|2023-02-23 19:58:17|__total_inbound_traffic__|3|0|3|0|284|0|3|0
1677153498000|2023-02-23 19:58:18|core_service|1|0|1|0|15|0|1|0
1677153498000|2023-02-23 19:58:18|__total_inbound_traffic__|1|0|1|0|15|0|1|0
1677153504000|2023-02-23 19:58:24|core_service|1|0|1|0|15|0|1|0
1677153504000|2023-02-23 19:58:24|__total_inbound_traffic__|1|0|1|0|15|0|1|0
