1676900152000|2023-02-20 21:35:52|interaction_service|1|0|1|0|59|0|1|0
1676900152000|2023-02-20 21:35:52|__total_inbound_traffic__|1|0|1|0|59|0|1|0
1676900188000|2023-02-20 21:36:28|interaction_service|1|0|1|0|27|0|1|0
1676900188000|2023-02-20 21:36:28|__total_inbound_traffic__|1|0|1|0|27|0|1|0
1676900209000|2023-02-20 21:36:49|interaction_service|1|0|1|0|275|0|1|0
1676900209000|2023-02-20 21:36:49|__total_inbound_traffic__|1|0|1|0|275|0|1|0
1676900223000|2023-02-20 21:37:03|interaction_service|1|0|1|0|54|0|1|0
1676900223000|2023-02-20 21:37:03|__total_inbound_traffic__|1|0|1|0|54|0|1|0
1676900296000|2023-02-20 21:38:16|interaction_service|1|0|0|0|0|0|1|0
1676900296000|2023-02-20 21:38:16|__total_inbound_traffic__|1|0|0|0|0|0|1|0
1676900297000|2023-02-20 21:38:17|interaction_service|0|0|1|0|576|0|0|0
1676900297000|2023-02-20 21:38:17|__total_inbound_traffic__|0|0|1|0|576|0|0|0
1676900527000|2023-02-20 21:42:07|interaction_service|1|0|1|0|565|0|1|0
1676900527000|2023-02-20 21:42:07|__total_inbound_traffic__|1|0|1|0|565|0|1|0
