1676898241000|2023-02-20 21:04:01|interaction_service|1|0|1|0|2|0|1|0
1676898241000|2023-02-20 21:04:01|__total_inbound_traffic__|1|0|1|0|2|0|1|0
1676898257000|2023-02-20 21:04:17|interaction_service|1|0|1|0|2|0|1|0
1676898257000|2023-02-20 21:04:17|__total_inbound_traffic__|1|0|1|0|2|0|1|0
1676898283000|2023-02-20 21:04:43|interaction_service|1|0|1|0|2|0|1|0
1676898283000|2023-02-20 21:04:43|__total_inbound_traffic__|1|0|1|0|2|0|1|0
1676898303000|2023-02-20 21:05:03|interaction_service|1|0|0|0|0|0|1|0
1676898303000|2023-02-20 21:05:03|__total_inbound_traffic__|1|0|0|0|0|0|1|0
1676898312000|2023-02-20 21:05:12|interaction_service|0|0|1|0|9004|0|0|0
1676898312000|2023-02-20 21:05:12|__total_inbound_traffic__|0|0|1|0|9004|0|0|0
1676898320000|2023-02-20 21:05:20|interaction_service|1|0|0|0|0|0|1|0
1676898320000|2023-02-20 21:05:20|__total_inbound_traffic__|1|0|0|0|0|0|1|0
1676898329000|2023-02-20 21:05:29|interaction_service|0|0|1|0|9003|0|0|0
1676898329000|2023-02-20 21:05:29|__total_inbound_traffic__|0|0|1|0|9003|0|0|0
1676898374000|2023-02-20 21:06:14|interaction_service|1|0|0|0|0|0|1|0
1676898374000|2023-02-20 21:06:14|__total_inbound_traffic__|1|0|0|0|0|0|1|0
1676898383000|2023-02-20 21:06:23|interaction_service|0|0|1|0|9005|0|0|0
1676898383000|2023-02-20 21:06:23|__total_inbound_traffic__|0|0|1|0|9005|0|0|0
1676898566000|2023-02-20 21:09:26|interaction_service|1|0|0|0|0|0|1|0
1676898566000|2023-02-20 21:09:26|__total_inbound_traffic__|1|0|0|0|0|0|1|0
1676898575000|2023-02-20 21:09:35|interaction_service|0|0|1|0|9003|0|0|0
1676898575000|2023-02-20 21:09:35|__total_inbound_traffic__|0|0|1|0|9003|0|0|0
1676898589000|2023-02-20 21:09:49|interaction_service|1|0|0|0|0|0|1|0
1676898589000|2023-02-20 21:09:49|__total_inbound_traffic__|1|0|0|0|0|0|1|0
1676898598000|2023-02-20 21:09:58|interaction_service|0|0|1|0|9004|0|0|0
1676898598000|2023-02-20 21:09:58|__total_inbound_traffic__|0|0|1|0|9004|0|0|0
1676898604000|2023-02-20 21:10:04|interaction_service|1|0|0|0|0|0|1|0
1676898604000|2023-02-20 21:10:04|__total_inbound_traffic__|1|0|0|0|0|0|1|0
1676898613000|2023-02-20 21:10:13|interaction_service|0|0|1|0|9004|0|0|0
1676898613000|2023-02-20 21:10:13|__total_inbound_traffic__|0|0|1|0|9004|0|0|0
