1677147481000|2023-02-23 18:18:01|society_service|1|0|1|0|364|0|1|0
1677147481000|2023-02-23 18:18:01|__total_inbound_traffic__|1|0|1|0|364|0|1|0
1677147482000|2023-02-23 18:18:02|society_service|1|0|1|0|69|0|1|0
1677147482000|2023-02-23 18:18:02|__total_inbound_traffic__|1|0|1|0|69|0|1|0
1677147483000|2023-02-23 18:18:03|society_service|1|0|1|0|71|0|1|0
1677147483000|2023-02-23 18:18:03|__total_inbound_traffic__|1|0|1|0|71|0|1|0
1677147484000|2023-02-23 18:18:04|society_service|1|0|1|0|30|0|1|0
1677147484000|2023-02-23 18:18:04|__total_inbound_traffic__|1|0|1|0|30|0|1|0
1677147489000|2023-02-23 18:18:09|society_service|1|0|1|0|34|0|1|0
1677147489000|2023-02-23 18:18:09|__total_inbound_traffic__|1|0|1|0|34|0|1|0
1677147495000|2023-02-23 18:18:15|society_service|1|0|1|0|27|0|1|0
1677147495000|2023-02-23 18:18:15|__total_inbound_traffic__|1|0|1|0|27|0|1|0
1677147500000|2023-02-23 18:18:20|society_service|1|0|1|0|126|0|1|0
1677147500000|2023-02-23 18:18:20|__total_inbound_traffic__|1|0|1|0|126|0|1|0
1677147501000|2023-02-23 18:18:21|society_service|1|0|1|0|77|0|1|0
1677147501000|2023-02-23 18:18:21|__total_inbound_traffic__|1|0|1|0|77|0|1|0
1677147502000|2023-02-23 18:18:22|society_service|1|0|1|0|78|0|1|0
1677147502000|2023-02-23 18:18:22|__total_inbound_traffic__|1|0|1|0|78|0|1|0
1677147503000|2023-02-23 18:18:23|society_service|1|0|1|0|74|0|1|0
1677147503000|2023-02-23 18:18:23|__total_inbound_traffic__|1|0|1|0|74|0|1|0
1677147504000|2023-02-23 18:18:24|society_service|1|0|1|0|76|0|1|0
1677147504000|2023-02-23 18:18:24|__total_inbound_traffic__|1|0|1|0|76|0|1|0
1677147505000|2023-02-23 18:18:25|society_service|1|0|1|0|73|0|1|0
1677147505000|2023-02-23 18:18:25|__total_inbound_traffic__|1|0|1|0|73|0|1|0
1677147506000|2023-02-23 18:18:26|society_service|1|0|1|0|71|0|1|0
1677147506000|2023-02-23 18:18:26|__total_inbound_traffic__|1|0|1|0|71|0|1|0
1677147507000|2023-02-23 18:18:27|society_service|1|0|1|0|71|0|1|0
1677147507000|2023-02-23 18:18:27|__total_inbound_traffic__|1|0|1|0|71|0|1|0
1677147508000|2023-02-23 18:18:28|society_service|1|0|1|0|70|0|1|0
1677147508000|2023-02-23 18:18:28|__total_inbound_traffic__|1|0|1|0|70|0|1|0
1677147509000|2023-02-23 18:18:29|society_service|1|0|0|0|0|0|1|0
1677147509000|2023-02-23 18:18:29|__total_inbound_traffic__|1|0|0|0|0|0|1|0
1677147510000|2023-02-23 18:18:30|society_service|0|0|1|0|71|0|0|0
1677147510000|2023-02-23 18:18:30|__total_inbound_traffic__|0|0|1|0|71|0|0|0
1677147511000|2023-02-23 18:18:31|society_service|1|0|1|0|333|0|1|0
1677147511000|2023-02-23 18:18:31|__total_inbound_traffic__|1|0|1|0|333|0|1|0
1677147512000|2023-02-23 18:18:32|society_service|1|0|1|0|69|0|1|0
1677147512000|2023-02-23 18:18:32|__total_inbound_traffic__|1|0|1|0|69|0|1|0
1677147513000|2023-02-23 18:18:33|society_service|1|0|1|0|71|0|1|0
1677147513000|2023-02-23 18:18:33|__total_inbound_traffic__|1|0|1|0|71|0|1|0
1677147514000|2023-02-23 18:18:34|society_service|1|0|1|0|76|0|1|0
1677147514000|2023-02-23 18:18:34|__total_inbound_traffic__|1|0|1|0|76|0|1|0
1677147515000|2023-02-23 18:18:35|society_service|1|0|1|0|73|0|1|0
1677147515000|2023-02-23 18:18:35|__total_inbound_traffic__|1|0|1|0|73|0|1|0
1677147517000|2023-02-23 18:18:37|society_service|1|0|1|0|73|0|1|0
1677147517000|2023-02-23 18:18:37|__total_inbound_traffic__|1|0|1|0|73|0|1|0
1677147518000|2023-02-23 18:18:38|society_service|1|0|1|0|70|0|1|0
1677147518000|2023-02-23 18:18:38|__total_inbound_traffic__|1|0|1|0|70|0|1|0
1677147519000|2023-02-23 18:18:39|society_service|1|0|1|0|77|0|1|0
1677147519000|2023-02-23 18:18:39|__total_inbound_traffic__|1|0|1|0|77|0|1|0
1677147520000|2023-02-23 18:18:40|society_service|1|0|1|0|71|0|1|0
1677147520000|2023-02-23 18:18:40|__total_inbound_traffic__|1|0|1|0|71|0|1|0
1677147521000|2023-02-23 18:18:41|society_service|1|0|1|0|82|0|1|0
1677147521000|2023-02-23 18:18:41|__total_inbound_traffic__|1|0|1|0|82|0|1|0
1677147522000|2023-02-23 18:18:42|society_service|1|0|1|0|70|0|1|0
1677147522000|2023-02-23 18:18:42|__total_inbound_traffic__|1|0|1|0|70|0|1|0
1677147523000|2023-02-23 18:18:43|society_service|1|0|1|0|201|0|1|0
1677147523000|2023-02-23 18:18:43|__total_inbound_traffic__|1|0|1|0|201|0|1|0
1677147524000|2023-02-23 18:18:44|society_service|1|0|1|0|69|0|1|0
1677147524000|2023-02-23 18:18:44|__total_inbound_traffic__|1|0|1|0|69|0|1|0
1677147525000|2023-02-23 18:18:45|society_service|1|0|0|0|0|0|1|0
1677147525000|2023-02-23 18:18:45|__total_inbound_traffic__|1|0|0|0|0|0|1|0
1677147526000|2023-02-23 18:18:46|society_service|0|0|1|0|70|0|0|0
1677147526000|2023-02-23 18:18:46|__total_inbound_traffic__|0|0|1|0|70|0|0|0
1677147527000|2023-02-23 18:18:47|society_service|1|0|1|0|72|0|1|0
1677147527000|2023-02-23 18:18:47|__total_inbound_traffic__|1|0|1|0|72|0|1|0
1677147528000|2023-02-23 18:18:48|society_service|1|0|1|0|81|0|1|0
1677147528000|2023-02-23 18:18:48|__total_inbound_traffic__|1|0|1|0|81|0|1|0
1677147529000|2023-02-23 18:18:49|society_service|1|0|1|0|73|0|1|0
1677147529000|2023-02-23 18:18:49|__total_inbound_traffic__|1|0|1|0|73|0|1|0
1677147530000|2023-02-23 18:18:50|society_service|1|0|1|0|77|0|1|0
1677147530000|2023-02-23 18:18:50|__total_inbound_traffic__|1|0|1|0|77|0|1|0
1677147531000|2023-02-23 18:18:51|society_service|1|0|1|0|73|0|1|0
1677147531000|2023-02-23 18:18:51|__total_inbound_traffic__|1|0|1|0|73|0|1|0
1677147532000|2023-02-23 18:18:52|society_service|1|0|1|0|69|0|1|0
1677147532000|2023-02-23 18:18:52|__total_inbound_traffic__|1|0|1|0|69|0|1|0
1677147533000|2023-02-23 18:18:53|society_service|1|0|1|0|69|0|1|0
1677147533000|2023-02-23 18:18:53|__total_inbound_traffic__|1|0|1|0|69|0|1|0
1677147534000|2023-02-23 18:18:54|society_service|1|0|1|0|72|0|1|0
1677147534000|2023-02-23 18:18:54|__total_inbound_traffic__|1|0|1|0|72|0|1|0
1677147535000|2023-02-23 18:18:55|society_service|1|0|0|0|0|0|1|0
1677147535000|2023-02-23 18:18:55|__total_inbound_traffic__|1|0|0|0|0|0|1|0
1677147536000|2023-02-23 18:18:56|society_service|0|0|1|0|201|0|0|0
1677147536000|2023-02-23 18:18:56|__total_inbound_traffic__|0|0|1|0|201|0|0|0
1677147537000|2023-02-23 18:18:57|society_service|1|0|1|0|93|0|1|0
1677147537000|2023-02-23 18:18:57|__total_inbound_traffic__|1|0|1|0|93|0|1|0
1677147538000|2023-02-23 18:18:58|society_service|1|0|1|0|78|0|1|0
1677147538000|2023-02-23 18:18:58|__total_inbound_traffic__|1|0|1|0|78|0|1|0
1677147539000|2023-02-23 18:18:59|society_service|1|0|1|0|75|0|1|0
1677147539000|2023-02-23 18:18:59|__total_inbound_traffic__|1|0|1|0|75|0|1|0
1677147540000|2023-02-23 18:19:00|society_service|1|0|1|0|80|0|1|0
1677147540000|2023-02-23 18:19:00|__total_inbound_traffic__|1|0|1|0|80|0|1|0
1677147541000|2023-02-23 18:19:01|society_service|1|0|1|0|71|0|1|0
1677147541000|2023-02-23 18:19:01|__total_inbound_traffic__|1|0|1|0|71|0|1|0
1677147542000|2023-02-23 18:19:02|society_service|1|0|1|0|70|0|1|0
1677147542000|2023-02-23 18:19:02|__total_inbound_traffic__|1|0|1|0|70|0|1|0
1677147543000|2023-02-23 18:19:03|society_service|1|0|1|0|69|0|1|0
1677147543000|2023-02-23 18:19:03|__total_inbound_traffic__|1|0|1|0|69|0|1|0
1677147544000|2023-02-23 18:19:04|society_service|1|0|1|0|75|0|1|0
1677147544000|2023-02-23 18:19:04|__total_inbound_traffic__|1|0|1|0|75|0|1|0
1677147545000|2023-02-23 18:19:05|society_service|1|0|1|0|72|0|1|0
1677147545000|2023-02-23 18:19:05|__total_inbound_traffic__|1|0|1|0|72|0|1|0
1677147547000|2023-02-23 18:19:07|society_service|1|0|1|0|121|0|1|0
1677147547000|2023-02-23 18:19:07|__total_inbound_traffic__|1|0|1|0|121|0|1|0
1677147548000|2023-02-23 18:19:08|society_service|1|0|1|0|210|0|1|0
1677147548000|2023-02-23 18:19:08|__total_inbound_traffic__|1|0|1|0|210|0|1|0
1677147549000|2023-02-23 18:19:09|society_service|1|0|1|0|70|0|1|0
1677147549000|2023-02-23 18:19:09|__total_inbound_traffic__|1|0|1|0|70|0|1|0
1677147550000|2023-02-23 18:19:10|society_service|1|0|1|0|69|0|1|0
1677147550000|2023-02-23 18:19:10|__total_inbound_traffic__|1|0|1|0|69|0|1|0
1677147551000|2023-02-23 18:19:11|society_service|1|0|1|0|76|0|1|0
1677147551000|2023-02-23 18:19:11|__total_inbound_traffic__|1|0|1|0|76|0|1|0
1677147552000|2023-02-23 18:19:12|society_service|1|0|1|0|78|0|1|0
1677147552000|2023-02-23 18:19:12|__total_inbound_traffic__|1|0|1|0|78|0|1|0
1677147553000|2023-02-23 18:19:13|society_service|1|0|0|0|0|0|1|0
1677147553000|2023-02-23 18:19:13|__total_inbound_traffic__|1|0|0|0|0|0|1|0
1677147554000|2023-02-23 18:19:14|society_service|0|0|1|0|70|0|0|0
1677147554000|2023-02-23 18:19:14|__total_inbound_traffic__|0|0|1|0|70|0|0|0
1677147555000|2023-02-23 18:19:15|society_service|1|0|1|0|76|0|1|0
1677147555000|2023-02-23 18:19:15|__total_inbound_traffic__|1|0|1|0|76|0|1|0
1677147556000|2023-02-23 18:19:16|society_service|1|0|1|0|71|0|1|0
1677147556000|2023-02-23 18:19:16|__total_inbound_traffic__|1|0|1|0|71|0|1|0
1677147557000|2023-02-23 18:19:17|society_service|1|0|1|0|79|0|1|0
1677147557000|2023-02-23 18:19:17|__total_inbound_traffic__|1|0|1|0|79|0|1|0
1677147558000|2023-02-23 18:19:18|society_service|1|0|1|0|71|0|1|0
1677147558000|2023-02-23 18:19:18|__total_inbound_traffic__|1|0|1|0|71|0|1|0
1677147559000|2023-02-23 18:19:19|society_service|1|0|1|0|94|0|1|0
1677147559000|2023-02-23 18:19:19|__total_inbound_traffic__|1|0|1|0|94|0|1|0
1677147560000|2023-02-23 18:19:20|society_service|1|0|1|0|117|0|1|0
1677147560000|2023-02-23 18:19:20|__total_inbound_traffic__|1|0|1|0|117|0|1|0
1677147561000|2023-02-23 18:19:21|society_service|2|0|2|0|230|0|1|0
1677147561000|2023-02-23 18:19:21|__total_inbound_traffic__|2|0|2|0|230|0|1|0
1677147567000|2023-02-23 18:19:27|interaction_service|1|0|1|0|290|0|1|0
1677147567000|2023-02-23 18:19:27|core_service|1|0|1|0|337|0|1|0
1677147567000|2023-02-23 18:19:27|__total_inbound_traffic__|2|0|2|0|313|0|2|0
1677147571000|2023-02-23 18:19:31|society_service|1|0|1|0|121|0|1|0
1677147571000|2023-02-23 18:19:31|__total_inbound_traffic__|1|0|1|0|121|0|1|0
1677147573000|2023-02-23 18:19:33|interaction_service|1|0|1|0|206|0|1|0
1677147573000|2023-02-23 18:19:33|core_service|1|0|1|0|325|0|1|0
1677147573000|2023-02-23 18:19:33|__total_inbound_traffic__|2|0|2|0|265|0|2|0
1677147575000|2023-02-23 18:19:35|society_service|1|0|1|0|97|0|1|0
1677147575000|2023-02-23 18:19:35|__total_inbound_traffic__|1|0|1|0|97|0|1|0
1677147576000|2023-02-23 18:19:36|interaction_service|1|0|1|0|234|0|1|0
1677147576000|2023-02-23 18:19:36|core_service|1|0|0|0|0|0|1|0
1677147576000|2023-02-23 18:19:36|__total_inbound_traffic__|2|0|1|0|234|0|2|0
1677147577000|2023-02-23 18:19:37|core_service|0|0|1|0|356|0|0|0
1677147577000|2023-02-23 18:19:37|__total_inbound_traffic__|0|0|1|0|356|0|0|0
1677147706000|2023-02-23 18:21:46|society_service|1|0|0|0|0|0|1|0
1677147706000|2023-02-23 18:21:46|__total_inbound_traffic__|1|0|0|0|0|0|1|0
1677147707000|2023-02-23 18:21:47|interaction_service|1|0|0|0|0|0|1|0
1677147707000|2023-02-23 18:21:47|core_service|3|0|1|0|510|0|2|0
1677147707000|2023-02-23 18:21:47|society_service|0|0|1|0|472|0|0|0
1677147707000|2023-02-23 18:21:47|__total_inbound_traffic__|4|0|2|0|491|0|3|0
1677147708000|2023-02-23 18:21:48|interaction_service|1|0|2|0|287|0|1|0
1677147708000|2023-02-23 18:21:48|core_service|1|0|3|0|251|0|1|0
1677147708000|2023-02-23 18:21:48|__total_inbound_traffic__|2|0|5|0|265|0|2|0
