1677155819000|2023-02-23 20:36:59|core_service|1|0|0|0|0|0|1|0
1677155819000|2023-02-23 20:36:59|__total_inbound_traffic__|1|0|0|0|0|0|1|0
1677155864000|2023-02-23 20:37:44|core_service|0|0|1|0|45611|0|0|0
1677155864000|2023-02-23 20:37:44|__total_inbound_traffic__|0|0|1|0|45611|0|0|0
1677155873000|2023-02-23 20:37:53|core_service|1|0|0|0|0|0|1|0
1677155873000|2023-02-23 20:37:53|__total_inbound_traffic__|1|0|0|0|0|0|1|0
1677155877000|2023-02-23 20:37:57|core_service|0|0|1|0|4832|0|0|0
1677155877000|2023-02-23 20:37:57|__total_inbound_traffic__|0|0|1|0|4832|0|0|0
1677155878000|2023-02-23 20:37:58|core_service|1|0|1|0|144|0|1|0
1677155878000|2023-02-23 20:37:58|__total_inbound_traffic__|1|0|1|0|144|0|1|0
1677155886000|2023-02-23 20:38:06|core_service|2|0|2|0|104|0|1|0
1677155886000|2023-02-23 20:38:06|__total_inbound_traffic__|2|0|2|0|104|0|1|0
1677155889000|2023-02-23 20:38:09|core_service|2|0|2|0|100|0|1|0
1677155889000|2023-02-23 20:38:09|__total_inbound_traffic__|2|0|2|0|100|0|1|0
1677155892000|2023-02-23 20:38:12|core_service|2|0|1|0|121|0|1|0
1677155892000|2023-02-23 20:38:12|__total_inbound_traffic__|2|0|1|0|121|0|1|0
1677155893000|2023-02-23 20:38:13|core_service|0|0|1|0|79|0|0|0
1677155893000|2023-02-23 20:38:13|__total_inbound_traffic__|0|0|1|0|79|0|0|0
1677155913000|2023-02-23 20:38:33|core_service|1|0|0|0|0|0|1|0
1677155913000|2023-02-23 20:38:33|__total_inbound_traffic__|1|0|0|0|0|0|1|0
1677155959000|2023-02-23 20:39:19|core_service|0|0|1|0|45685|0|0|0
1677155959000|2023-02-23 20:39:19|__total_inbound_traffic__|0|0|1|0|45685|0|0|0
