1676953322000|2023-02-21 12:22:02|society_service|1|0|1|0|489|0|1|0
1676953322000|2023-02-21 12:22:02|__total_inbound_traffic__|1|0|1|0|489|0|1|0
1676953341000|2023-02-21 12:22:21|society_service|1|0|0|0|0|0|1|0
1676953341000|2023-02-21 12:22:21|__total_inbound_traffic__|1|0|0|0|0|0|1|0
1676953343000|2023-02-21 12:22:23|society_service|0|0|1|0|2206|0|0|0
1676953343000|2023-02-21 12:22:23|__total_inbound_traffic__|0|0|1|0|2206|0|0|0
1676953371000|2023-02-21 12:22:51|society_service|1|0|1|0|55|0|1|0
1676953371000|2023-02-21 12:22:51|__total_inbound_traffic__|1|0|1|0|55|0|1|0
1676953446000|2023-02-21 12:24:06|core_service|1|0|0|0|0|0|1|0
1676953446000|2023-02-21 12:24:06|__total_inbound_traffic__|1|0|0|0|0|0|1|0
1676953447000|2023-02-21 12:24:07|core_service|0|0|1|0|775|0|0|0
1676953447000|2023-02-21 12:24:07|__total_inbound_traffic__|0|0|1|0|775|0|0|0
1676953457000|2023-02-21 12:24:17|society_service|1|0|1|0|180|0|1|0
1676953457000|2023-02-21 12:24:17|__total_inbound_traffic__|1|0|1|0|180|0|1|0
1676953463000|2023-02-21 12:24:23|society_service|1|0|1|0|83|0|1|0
1676953463000|2023-02-21 12:24:23|__total_inbound_traffic__|1|0|1|0|83|0|1|0
1676953594000|2023-02-21 12:26:34|society_service|1|0|1|0|873|0|1|0
1676953594000|2023-02-21 12:26:34|__total_inbound_traffic__|1|0|1|0|873|0|1|0
1676953684000|2023-02-21 12:28:04|society_service|1|0|1|0|1|0|1|0
1676953684000|2023-02-21 12:28:04|__total_inbound_traffic__|1|0|1|0|1|0|1|0
1676968113000|2023-02-21 16:28:33|interaction_service|1|0|1|0|1|0|1|0
1676968113000|2023-02-21 16:28:33|__total_inbound_traffic__|1|0|1|0|1|0|1|0
