1676899763000|2023-02-20 21:29:23|interaction_service|1|0|0|0|0|0|1|0
1676899763000|2023-02-20 21:29:23|__total_inbound_traffic__|1|0|0|0|0|0|1|0
1676899771000|2023-02-20 21:29:31|interaction_service|0|0|1|0|8069|0|0|0
1676899771000|2023-02-20 21:29:31|__total_inbound_traffic__|0|0|1|0|8069|0|0|0
1676899775000|2023-02-20 21:29:35|interaction_service|1|0|0|0|0|0|1|0
1676899775000|2023-02-20 21:29:35|__total_inbound_traffic__|1|0|0|0|0|0|1|0
1676899785000|2023-02-20 21:29:45|interaction_service|0|0|1|0|9340|0|0|0
1676899785000|2023-02-20 21:29:45|__total_inbound_traffic__|0|0|1|0|9340|0|0|0
1676899830000|2023-02-20 21:30:30|interaction_service|0|0|1|0|43045|0|0|0
1676899830000|2023-02-20 21:30:30|__total_inbound_traffic__|0|0|1|0|43045|0|0|0
1676899841000|2023-02-20 21:30:41|interaction_service|1|0|0|0|0|0|1|0
1676899841000|2023-02-20 21:30:41|__total_inbound_traffic__|1|0|0|0|0|0|1|0
1676899855000|2023-02-20 21:30:55|interaction_service|0|0|1|0|13855|0|0|0
1676899855000|2023-02-20 21:30:55|__total_inbound_traffic__|0|0|1|0|13855|0|0|0
1676899902000|2023-02-20 21:31:42|interaction_service|1|0|0|0|0|0|1|0
1676899902000|2023-02-20 21:31:42|__total_inbound_traffic__|1|0|0|0|0|0|1|0
1676899903000|2023-02-20 21:31:43|interaction_service|0|0|1|0|68|0|0|0
1676899903000|2023-02-20 21:31:43|__total_inbound_traffic__|0|0|1|0|68|0|0|0
1676899994000|2023-02-20 21:33:14|interaction_service|1|0|0|0|0|0|1|0
1676899994000|2023-02-20 21:33:14|__total_inbound_traffic__|1|0|0|0|0|0|1|0
1676899995000|2023-02-20 21:33:15|interaction_service|0|0|1|0|320|0|0|0
1676899995000|2023-02-20 21:33:15|__total_inbound_traffic__|0|0|1|0|320|0|0|0
