1677159005000|2023-02-23 21:30:05|society_service|1|0|1|0|3|0|1|0
1677159005000|2023-02-23 21:30:05|core_service|1|0|1|0|1|0|1|0
1677159005000|2023-02-23 21:30:05|__total_inbound_traffic__|2|0|2|0|2|0|1|0
1677159012000|2023-02-23 21:30:12|core_service|1|0|1|0|1|0|1|0
1677159012000|2023-02-23 21:30:12|interaction_service|1|0|1|0|1|0|1|0
1677159012000|2023-02-23 21:30:12|__total_inbound_traffic__|2|0|2|0|1|0|2|0
1677159016000|2023-02-23 21:30:16|core_service|1|0|1|0|1|0|1|0
1677159016000|2023-02-23 21:30:16|interaction_service|1|0|1|0|1|0|1|0
1677159016000|2023-02-23 21:30:16|__total_inbound_traffic__|2|0|2|0|1|0|1|0
1677159018000|2023-02-23 21:30:18|core_service|1|0|0|0|0|0|1|0
1677159018000|2023-02-23 21:30:18|__total_inbound_traffic__|1|0|0|0|0|0|1|0
1677159019000|2023-02-23 21:30:19|core_service|0|0|1|0|1263|0|0|0
1677159019000|2023-02-23 21:30:19|__total_inbound_traffic__|0|0|1|0|1263|0|0|0
1677159020000|2023-02-23 21:30:20|core_service|2|0|2|0|153|0|1|0
1677159020000|2023-02-23 21:30:20|interaction_service|1|0|1|0|0|0|1|0
1677159020000|2023-02-23 21:30:20|__total_inbound_traffic__|3|0|3|0|102|0|1|0
1677159034000|2023-02-23 21:30:34|core_service|1|0|1|0|222|0|1|0
1677159034000|2023-02-23 21:30:34|__total_inbound_traffic__|1|0|1|0|222|0|1|0
1677159047000|2023-02-23 21:30:47|core_service|1|0|0|0|0|0|1|0
1677159047000|2023-02-23 21:30:47|__total_inbound_traffic__|1|0|0|0|0|0|1|0
1677159048000|2023-02-23 21:30:48|core_service|2|0|3|0|192|0|1|0
1677159048000|2023-02-23 21:30:48|interaction_service|1|0|1|0|34|0|1|0
1677159048000|2023-02-23 21:30:48|__total_inbound_traffic__|3|0|4|0|152|0|2|0
1677159067000|2023-02-23 21:31:07|core_service|1|0|0|0|0|0|1|0
1677159067000|2023-02-23 21:31:07|__total_inbound_traffic__|1|0|0|0|0|0|1|0
1677159068000|2023-02-23 21:31:08|core_service|0|0|1|0|578|0|0|0
1677159068000|2023-02-23 21:31:08|__total_inbound_traffic__|0|0|1|0|578|0|0|0
1677159334000|2023-02-23 21:35:34|interaction_service|1|0|1|0|0|0|1|0
1677159334000|2023-02-23 21:35:34|core_service|3|0|2|0|203|0|2|0
1677159334000|2023-02-23 21:35:34|__total_inbound_traffic__|4|0|3|0|135|0|3|0
1677159335000|2023-02-23 21:35:35|core_service|0|0|1|0|400|0|0|0
1677159335000|2023-02-23 21:35:35|__total_inbound_traffic__|0|0|1|0|400|0|0|0
1677159352000|2023-02-23 21:35:52|core_service|3|0|2|0|194|0|1|0
1677159352000|2023-02-23 21:35:52|interaction_service|1|0|1|0|18|0|1|0
1677159352000|2023-02-23 21:35:52|__total_inbound_traffic__|4|0|3|0|135|0|2|0
1677159353000|2023-02-23 21:35:53|core_service|0|0|1|0|443|0|0|0
1677159353000|2023-02-23 21:35:53|__total_inbound_traffic__|0|0|1|0|443|0|0|0
1677159391000|2023-02-23 21:36:31|core_service|1|0|0|0|0|0|1|0
1677159391000|2023-02-23 21:36:31|__total_inbound_traffic__|1|0|0|0|0|0|1|0
1677159392000|2023-02-23 21:36:32|core_service|0|0|1|0|1429|0|0|0
1677159392000|2023-02-23 21:36:32|__total_inbound_traffic__|0|0|1|0|1429|0|0|0
1677159393000|2023-02-23 21:36:33|core_service|1|0|0|0|0|0|1|0
1677159393000|2023-02-23 21:36:33|interaction_service|1|0|1|0|37|0|1|0
1677159393000|2023-02-23 21:36:33|__total_inbound_traffic__|2|0|1|0|37|0|2|0
1677159394000|2023-02-23 21:36:34|core_service|0|0|1|0|561|0|0|0
1677159394000|2023-02-23 21:36:34|__total_inbound_traffic__|0|0|1|0|561|0|0|0
1677159407000|2023-02-23 21:36:47|core_service|1|0|1|0|330|0|1|0
1677159407000|2023-02-23 21:36:47|interaction_service|1|0|1|0|18|0|1|0
1677159407000|2023-02-23 21:36:47|__total_inbound_traffic__|2|0|2|0|174|0|2|0
1677159442000|2023-02-23 21:37:22|core_service|1|0|0|0|0|0|1|0
1677159442000|2023-02-23 21:37:22|__total_inbound_traffic__|1|0|0|0|0|0|1|0
1677159443000|2023-02-23 21:37:23|core_service|0|0|1|0|747|0|0|0
1677159443000|2023-02-23 21:37:23|__total_inbound_traffic__|0|0|1|0|747|0|0|0
1677159444000|2023-02-23 21:37:24|core_service|1|0|1|0|935|0|1|0
1677159444000|2023-02-23 21:37:24|interaction_service|1|0|1|0|45|0|1|0
1677159444000|2023-02-23 21:37:24|__total_inbound_traffic__|1|0|2|0|490|0|2|0
1677159499000|2023-02-23 21:38:19|core_service|1|0|1|0|215|0|1|0
1677159499000|2023-02-23 21:38:19|interaction_service|1|0|1|0|43|0|1|0
1677159499000|2023-02-23 21:38:19|__total_inbound_traffic__|2|0|2|0|129|0|2|0
1677159501000|2023-02-23 21:38:21|core_service|1|0|0|0|0|0|1|0
1677159501000|2023-02-23 21:38:21|interaction_service|1|0|1|0|44|0|1|0
1677159501000|2023-02-23 21:38:21|__total_inbound_traffic__|2|0|1|0|44|0|2|0
1677159502000|2023-02-23 21:38:22|core_service|0|0|1|0|243|0|0|0
1677159502000|2023-02-23 21:38:22|__total_inbound_traffic__|0|0|1|0|243|0|0|0
1677159521000|2023-02-23 21:38:41|core_service|1|0|1|0|586|0|1|0
1677159521000|2023-02-23 21:38:41|interaction_service|1|0|1|0|49|0|1|0
1677159521000|2023-02-23 21:38:41|__total_inbound_traffic__|1|0|2|0|317|0|1|0
1677159615000|2023-02-23 21:40:15|core_service|1|0|0|0|0|0|1|0
1677159615000|2023-02-23 21:40:15|__total_inbound_traffic__|1|0|0|0|0|0|1|0
1677159616000|2023-02-23 21:40:16|core_service|2|0|3|0|301|0|1|0
1677159616000|2023-02-23 21:40:16|interaction_service|1|0|1|0|1|0|1|0
1677159616000|2023-02-23 21:40:16|__total_inbound_traffic__|3|0|4|0|226|0|1|0
1677159622000|2023-02-23 21:40:22|core_service|1|0|0|0|0|0|1|0
1677159622000|2023-02-23 21:40:22|__total_inbound_traffic__|1|0|0|0|0|0|1|0
1677159623000|2023-02-23 21:40:23|core_service|2|0|3|0|282|0|1|0
1677159623000|2023-02-23 21:40:23|interaction_service|1|0|1|0|1|0|1|0
1677159623000|2023-02-23 21:40:23|__total_inbound_traffic__|3|0|4|0|212|0|1|0
1677159624000|2023-02-23 21:40:24|core_service|1|0|1|0|1|0|1|0
1677159624000|2023-02-23 21:40:24|interaction_service|1|0|1|0|1|0|1|0
1677159624000|2023-02-23 21:40:24|__total_inbound_traffic__|2|0|2|0|1|0|2|0
1677159625000|2023-02-23 21:40:25|core_service|1|0|1|0|0|0|1|0
1677159625000|2023-02-23 21:40:25|interaction_service|1|0|1|0|1|0|1|0
1677159625000|2023-02-23 21:40:25|__total_inbound_traffic__|2|0|2|0|0|0|1|0
1677159626000|2023-02-23 21:40:26|core_service|2|0|1|0|0|0|1|0
1677159626000|2023-02-23 21:40:26|interaction_service|1|0|1|0|0|0|1|0
1677159626000|2023-02-23 21:40:26|__total_inbound_traffic__|3|0|2|0|0|0|1|0
1677159627000|2023-02-23 21:40:27|core_service|1|0|2|0|174|0|1|0
1677159627000|2023-02-23 21:40:27|interaction_service|1|0|1|0|1|0|1|0
1677159627000|2023-02-23 21:40:27|__total_inbound_traffic__|2|0|3|0|116|0|1|0
1677159628000|2023-02-23 21:40:28|core_service|2|0|2|0|0|0|1|0
1677159628000|2023-02-23 21:40:28|interaction_service|2|0|2|0|0|0|1|0
1677159628000|2023-02-23 21:40:28|__total_inbound_traffic__|4|0|4|0|0|0|2|0
1677159656000|2023-02-23 21:40:56|core_service|1|0|1|0|403|0|1|0
1677159656000|2023-02-23 21:40:56|__total_inbound_traffic__|1|0|1|0|403|0|1|0
1677159657000|2023-02-23 21:40:57|core_service|2|0|2|0|251|0|1|0
1677159657000|2023-02-23 21:40:57|interaction_service|1|0|1|0|0|0|1|0
1677159657000|2023-02-23 21:40:57|__total_inbound_traffic__|2|0|3|0|167|0|2|0
1677159706000|2023-02-23 21:41:46|core_service|1|0|1|0|231|0|1|0
1677159706000|2023-02-23 21:41:46|__total_inbound_traffic__|1|0|1|0|231|0|1|0
1677159707000|2023-02-23 21:41:47|core_service|1|0|0|0|0|0|1|0
1677159707000|2023-02-23 21:41:47|__total_inbound_traffic__|1|0|0|0|0|0|1|0
1677159708000|2023-02-23 21:41:48|core_service|1|0|2|0|110|0|1|0
1677159708000|2023-02-23 21:41:48|interaction_service|1|0|1|0|18|0|1|0
1677159708000|2023-02-23 21:41:48|__total_inbound_traffic__|2|0|3|0|79|0|2|0
1677159731000|2023-02-23 21:42:11|core_service|1|0|1|0|1|0|1|0
1677159731000|2023-02-23 21:42:11|__total_inbound_traffic__|1|0|1|0|1|0|1|0
1677159748000|2023-02-23 21:42:28|core_service|1|0|1|0|1|0|1|0
1677159748000|2023-02-23 21:42:28|__total_inbound_traffic__|1|0|1|0|1|0|1|0
1677159796000|2023-02-23 21:43:16|core_service|1|0|1|0|62|0|1|0
1677159796000|2023-02-23 21:43:16|interaction_service|1|0|1|0|47|0|1|0
1677159796000|2023-02-23 21:43:16|__total_inbound_traffic__|2|0|2|0|54|0|2|0
1677159857000|2023-02-23 21:44:17|core_service|1|0|1|0|61|0|1|0
1677159857000|2023-02-23 21:44:17|interaction_service|1|0|1|0|56|0|1|0
1677159857000|2023-02-23 21:44:17|__total_inbound_traffic__|2|0|2|0|58|0|2|0
1677159860000|2023-02-23 21:44:20|core_service|3|0|2|0|295|0|1|0
1677159860000|2023-02-23 21:44:20|interaction_service|1|0|1|0|0|0|1|0
1677159860000|2023-02-23 21:44:20|__total_inbound_traffic__|4|0|3|0|197|0|2|0
1677159861000|2023-02-23 21:44:21|core_service|0|0|1|0|565|0|0|0
1677159861000|2023-02-23 21:44:21|__total_inbound_traffic__|0|0|1|0|565|0|0|0
1677159867000|2023-02-23 21:44:27|core_service|1|0|0|0|0|0|1|0
1677159867000|2023-02-23 21:44:27|__total_inbound_traffic__|1|0|0|0|0|0|1|0
1677159868000|2023-02-23 21:44:28|interaction_service|1|0|1|0|1|0|1|0
1677159868000|2023-02-23 21:44:28|core_service|2|0|3|0|272|0|2|0
1677159868000|2023-02-23 21:44:28|__total_inbound_traffic__|3|0|4|0|204|0|3|0
1677159893000|2023-02-23 21:44:53|core_service|1|0|1|0|218|0|1|0
1677159893000|2023-02-23 21:44:53|__total_inbound_traffic__|1|0|1|0|218|0|1|0
1677159894000|2023-02-23 21:44:54|interaction_service|1|0|1|0|17|0|1|0
1677159894000|2023-02-23 21:44:54|core_service|2|0|2|0|109|0|1|0
1677159894000|2023-02-23 21:44:54|__total_inbound_traffic__|3|0|3|0|78|0|2|0
1677159915000|2023-02-23 21:45:15|core_service|1|0|0|0|0|0|1|0
1677159915000|2023-02-23 21:45:15|__total_inbound_traffic__|1|0|0|0|0|0|1|0
1677159916000|2023-02-23 21:45:16|core_service|0|0|1|0|1556|0|0|0
1677159916000|2023-02-23 21:45:16|__total_inbound_traffic__|0|0|1|0|1556|0|0|0
1677159918000|2023-02-23 21:45:18|core_service|1|0|1|0|483|0|1|0
1677159918000|2023-02-23 21:45:18|interaction_service|1|0|1|0|19|0|1|0
1677159918000|2023-02-23 21:45:18|__total_inbound_traffic__|2|0|2|0|251|0|2|0
1677159923000|2023-02-23 21:45:23|core_service|1|0|0|0|0|0|1|0
1677159923000|2023-02-23 21:45:23|__total_inbound_traffic__|1|0|0|0|0|0|1|0
1677159924000|2023-02-23 21:45:24|core_service|1|0|1|0|520|0|1|0
1677159924000|2023-02-23 21:45:24|interaction_service|1|0|1|0|17|0|1|0
1677159924000|2023-02-23 21:45:24|__total_inbound_traffic__|2|0|2|0|268|0|1|0
1677159925000|2023-02-23 21:45:25|core_service|0|0|1|0|488|0|0|0
1677159925000|2023-02-23 21:45:25|__total_inbound_traffic__|0|0|1|0|488|0|0|0
1677159926000|2023-02-23 21:45:26|interaction_service|1|0|1|0|1|0|1|0
1677159926000|2023-02-23 21:45:26|core_service|2|0|1|0|195|0|2|0
1677159926000|2023-02-23 21:45:26|__total_inbound_traffic__|3|0|2|0|98|0|2|0
1677159927000|2023-02-23 21:45:27|core_service|1|0|1|0|749|0|1|0
1677159927000|2023-02-23 21:45:27|interaction_service|1|0|1|0|1|0|1|0
1677159927000|2023-02-23 21:45:27|__total_inbound_traffic__|2|0|2|0|375|0|2|0
1677159928000|2023-02-23 21:45:28|core_service|0|0|1|0|440|0|0|0
1677159928000|2023-02-23 21:45:28|__total_inbound_traffic__|0|0|1|0|440|0|0|0
1677159929000|2023-02-23 21:45:29|core_service|1|0|1|0|307|0|1|0
1677159929000|2023-02-23 21:45:29|interaction_service|1|0|1|0|0|0|1|0
1677159929000|2023-02-23 21:45:29|__total_inbound_traffic__|2|0|2|0|153|0|2|0
1677159930000|2023-02-23 21:45:30|core_service|1|0|0|0|0|0|1|0
1677159930000|2023-02-23 21:45:30|interaction_service|1|0|1|0|1|0|1|0
1677159930000|2023-02-23 21:45:30|__total_inbound_traffic__|1|0|1|0|1|0|2|0
1677159931000|2023-02-23 21:45:31|interaction_service|1|0|1|0|0|0|1|0
1677159931000|2023-02-23 21:45:31|core_service|1|0|1|0|644|0|1|0
1677159931000|2023-02-23 21:45:31|__total_inbound_traffic__|2|0|2|0|322|0|2|0
1677159932000|2023-02-23 21:45:32|core_service|0|0|1|0|221|0|0|0
1677159932000|2023-02-23 21:45:32|__total_inbound_traffic__|0|0|1|0|221|0|0|0
1677159935000|2023-02-23 21:45:35|core_service|1|0|0|0|0|0|1|0
1677159935000|2023-02-23 21:45:35|interaction_service|1|0|1|0|0|0|1|0
1677159935000|2023-02-23 21:45:35|__total_inbound_traffic__|1|0|1|0|0|0|2|0
1677159936000|2023-02-23 21:45:36|core_service|0|0|1|0|467|0|0|0
1677159936000|2023-02-23 21:45:36|__total_inbound_traffic__|0|0|1|0|467|0|0|0
1677159938000|2023-02-23 21:45:38|interaction_service|1|0|1|0|180|0|1|0
1677159938000|2023-02-23 21:45:38|__total_inbound_traffic__|1|0|1|0|180|0|1|0
1677159944000|2023-02-23 21:45:44|core_service|1|0|0|0|0|0|1|0
1677159944000|2023-02-23 21:45:44|interaction_service|1|0|1|0|1|0|1|0
1677159944000|2023-02-23 21:45:44|__total_inbound_traffic__|2|0|1|0|1|0|1|0
1677159945000|2023-02-23 21:45:45|core_service|0|0|1|0|350|0|0|0
1677159945000|2023-02-23 21:45:45|__total_inbound_traffic__|0|0|1|0|350|0|0|0
1677159947000|2023-02-23 21:45:47|interaction_service|1|0|1|0|85|0|1|0
1677159947000|2023-02-23 21:45:47|__total_inbound_traffic__|1|0|1|0|85|0|1|0
1677159952000|2023-02-23 21:45:52|interaction_service|1|0|0|0|0|0|1|0
1677159952000|2023-02-23 21:45:52|__total_inbound_traffic__|1|0|0|0|0|0|1|0
1677159953000|2023-02-23 21:45:53|interaction_service|0|0|1|0|204|0|0|0
1677159953000|2023-02-23 21:45:53|__total_inbound_traffic__|0|0|1|0|204|0|0|0
1677159961000|2023-02-23 21:46:01|society_service|1|0|1|0|582|0|1|0
1677159961000|2023-02-23 21:46:01|__total_inbound_traffic__|1|0|1|0|582|0|1|0
1677159965000|2023-02-23 21:46:05|core_service|1|0|0|0|0|0|1|0
1677159965000|2023-02-23 21:46:05|interaction_service|1|0|0|0|0|0|1|0
1677159965000|2023-02-23 21:46:05|__total_inbound_traffic__|2|0|0|0|0|0|2|0
1677159966000|2023-02-23 21:46:06|core_service|0|0|1|0|659|0|0|0
1677159966000|2023-02-23 21:46:06|interaction_service|0|0|1|0|615|0|0|0
1677159966000|2023-02-23 21:46:06|__total_inbound_traffic__|0|0|2|0|637|0|0|0
1677159969000|2023-02-23 21:46:09|core_service|3|0|1|0|425|0|2|0
1677159969000|2023-02-23 21:46:09|interaction_service|1|0|0|0|0|0|1|0
1677159969000|2023-02-23 21:46:09|__total_inbound_traffic__|4|0|1|0|425|0|3|0
1677159970000|2023-02-23 21:46:10|core_service|0|0|2|0|1|0|0|0
1677159970000|2023-02-23 21:46:10|interaction_service|1|0|2|0|1|0|1|0
1677159970000|2023-02-23 21:46:10|__total_inbound_traffic__|1|0|4|0|1|0|1|0
1677159982000|2023-02-23 21:46:22|core_service|2|0|2|0|148|0|1|0
1677159982000|2023-02-23 21:46:22|__total_inbound_traffic__|2|0|2|0|148|0|1|0
1677159983000|2023-02-23 21:46:23|core_service|1|0|0|0|0|0|1|0
1677159983000|2023-02-23 21:46:23|interaction_service|1|0|1|0|771|0|1|0
1677159983000|2023-02-23 21:46:23|__total_inbound_traffic__|2|0|1|0|771|0|2|0
1677159984000|2023-02-23 21:46:24|core_service|0|0|1|0|924|0|0|0
1677159984000|2023-02-23 21:46:24|__total_inbound_traffic__|0|0|1|0|924|0|0|0
1677159992000|2023-02-23 21:46:32|society_service|1|0|1|0|135|0|1|0
1677159992000|2023-02-23 21:46:32|__total_inbound_traffic__|1|0|1|0|135|0|1|0
1677159993000|2023-02-23 21:46:33|society_service|1|0|0|0|0|0|1|0
1677159993000|2023-02-23 21:46:33|__total_inbound_traffic__|1|0|0|0|0|0|1|0
1677159994000|2023-02-23 21:46:34|society_service|0|0|1|0|140|0|0|0
1677159994000|2023-02-23 21:46:34|__total_inbound_traffic__|0|0|1|0|140|0|0|0
1677160003000|2023-02-23 21:46:43|core_service|1|0|1|0|435|0|1|0
1677160003000|2023-02-23 21:46:43|__total_inbound_traffic__|1|0|1|0|435|0|1|0
1677160004000|2023-02-23 21:46:44|interaction_service|1|0|1|0|0|0|1|0
1677160004000|2023-02-23 21:46:44|core_service|1|0|0|0|0|0|1|0
1677160004000|2023-02-23 21:46:44|__total_inbound_traffic__|2|0|1|0|0|0|2|0
1677160005000|2023-02-23 21:46:45|core_service|0|0|1|0|577|0|0|0
1677160005000|2023-02-23 21:46:45|__total_inbound_traffic__|0|0|1|0|577|0|0|0
1677160006000|2023-02-23 21:46:46|core_service|1|0|1|0|450|0|1|0
1677160006000|2023-02-23 21:46:46|interaction_service|1|0|1|0|294|0|1|0
1677160006000|2023-02-23 21:46:46|__total_inbound_traffic__|2|0|2|0|372|0|2|0
1677160008000|2023-02-23 21:46:48|society_service|1|0|1|0|273|0|1|0
1677160008000|2023-02-23 21:46:48|__total_inbound_traffic__|1|0|1|0|273|0|1|0
1677160013000|2023-02-23 21:46:53|society_service|1|0|1|0|231|0|1|0
1677160013000|2023-02-23 21:46:53|__total_inbound_traffic__|1|0|1|0|231|0|1|0
1677160014000|2023-02-23 21:46:54|society_service|1|0|1|0|148|0|1|0
1677160014000|2023-02-23 21:46:54|__total_inbound_traffic__|1|0|1|0|148|0|1|0
1677160015000|2023-02-23 21:46:55|society_service|1|0|1|0|135|0|1|0
1677160015000|2023-02-23 21:46:55|__total_inbound_traffic__|1|0|1|0|135|0|1|0
1677160016000|2023-02-23 21:46:56|society_service|1|0|0|0|0|0|1|0
1677160016000|2023-02-23 21:46:56|__total_inbound_traffic__|1|0|0|0|0|0|1|0
1677160017000|2023-02-23 21:46:57|society_service|0|0|1|0|134|0|0|0
1677160017000|2023-02-23 21:46:57|__total_inbound_traffic__|0|0|1|0|134|0|0|0
1677160018000|2023-02-23 21:46:58|society_service|1|0|1|0|127|0|1|0
1677160018000|2023-02-23 21:46:58|__total_inbound_traffic__|1|0|1|0|127|0|1|0
1677160019000|2023-02-23 21:46:59|society_service|1|0|1|0|121|0|1|0
1677160019000|2023-02-23 21:46:59|__total_inbound_traffic__|1|0|1|0|121|0|1|0
1677160020000|2023-02-23 21:47:00|society_service|1|0|1|0|119|0|1|0
1677160020000|2023-02-23 21:47:00|__total_inbound_traffic__|1|0|1|0|119|0|1|0
1677160021000|2023-02-23 21:47:01|society_service|1|0|1|0|107|0|1|0
1677160021000|2023-02-23 21:47:01|__total_inbound_traffic__|1|0|1|0|107|0|1|0
1677160022000|2023-02-23 21:47:02|society_service|1|0|1|0|109|0|1|0
1677160022000|2023-02-23 21:47:02|__total_inbound_traffic__|1|0|1|0|109|0|1|0
1677160023000|2023-02-23 21:47:03|society_service|1|0|1|0|117|0|1|0
1677160023000|2023-02-23 21:47:03|__total_inbound_traffic__|1|0|1|0|117|0|1|0
1677160025000|2023-02-23 21:47:05|society_service|1|0|1|0|118|0|1|0
1677160025000|2023-02-23 21:47:05|__total_inbound_traffic__|1|0|1|0|118|0|1|0
1677160026000|2023-02-23 21:47:06|society_service|1|0|1|0|153|0|1|0
1677160026000|2023-02-23 21:47:06|__total_inbound_traffic__|1|0|1|0|153|0|1|0
1677160027000|2023-02-23 21:47:07|society_service|1|0|1|0|123|0|1|0
1677160027000|2023-02-23 21:47:07|__total_inbound_traffic__|1|0|1|0|123|0|1|0
1677160028000|2023-02-23 21:47:08|society_service|2|0|2|0|128|0|1|0
1677160028000|2023-02-23 21:47:08|__total_inbound_traffic__|2|0|2|0|128|0|1|0
1677160029000|2023-02-23 21:47:09|society_service|1|0|1|0|82|0|1|0
1677160029000|2023-02-23 21:47:09|__total_inbound_traffic__|1|0|1|0|82|0|1|0
1677160030000|2023-02-23 21:47:10|society_service|1|0|0|0|0|0|1|0
1677160030000|2023-02-23 21:47:10|__total_inbound_traffic__|1|0|0|0|0|0|1|0
1677160031000|2023-02-23 21:47:11|society_service|0|0|1|0|94|0|0|0
1677160031000|2023-02-23 21:47:11|__total_inbound_traffic__|0|0|1|0|94|0|0|0
1677160032000|2023-02-23 21:47:12|society_service|1|0|1|0|108|0|1|0
1677160032000|2023-02-23 21:47:12|__total_inbound_traffic__|1|0|1|0|108|0|1|0
1677160033000|2023-02-23 21:47:13|society_service|1|0|1|0|112|0|1|0
1677160033000|2023-02-23 21:47:13|__total_inbound_traffic__|1|0|1|0|112|0|1|0
1677160034000|2023-02-23 21:47:14|society_service|1|0|1|0|105|0|1|0
1677160034000|2023-02-23 21:47:14|__total_inbound_traffic__|1|0|1|0|105|0|1|0
1677160035000|2023-02-23 21:47:15|society_service|1|0|1|0|89|0|1|0
1677160035000|2023-02-23 21:47:15|__total_inbound_traffic__|1|0|1|0|89|0|1|0
1677160036000|2023-02-23 21:47:16|society_service|2|0|0|0|0|0|2|0
1677160036000|2023-02-23 21:47:16|__total_inbound_traffic__|2|0|0|0|0|0|2|0
1677160037000|2023-02-23 21:47:17|society_service|0|0|2|0|454|0|0|0
1677160037000|2023-02-23 21:47:17|__total_inbound_traffic__|0|0|2|0|454|0|0|0
1677160043000|2023-02-23 21:47:23|core_service|1|0|0|0|0|0|1|0
1677160043000|2023-02-23 21:47:23|interaction_service|1|0|1|0|340|0|1|0
1677160043000|2023-02-23 21:47:23|__total_inbound_traffic__|2|0|1|0|340|0|2|0
1677160044000|2023-02-23 21:47:24|core_service|0|0|1|0|490|0|0|0
1677160044000|2023-02-23 21:47:24|__total_inbound_traffic__|0|0|1|0|490|0|0|0
1677160047000|2023-02-23 21:47:27|core_service|3|0|3|0|147|0|1|0
1677160047000|2023-02-23 21:47:27|interaction_service|2|0|2|0|0|0|1|0
1677160047000|2023-02-23 21:47:27|__total_inbound_traffic__|5|0|5|0|88|0|2|0
1677160063000|2023-02-23 21:47:43|core_service|3|0|2|0|133|0|1|0
1677160063000|2023-02-23 21:47:43|interaction_service|1|0|0|0|0|0|1|0
1677160063000|2023-02-23 21:47:43|__total_inbound_traffic__|4|0|2|0|133|0|2|0
1677160064000|2023-02-23 21:47:44|core_service|0|0|1|0|597|0|0|0
1677160064000|2023-02-23 21:47:44|interaction_service|0|0|1|0|493|0|0|0
1677160064000|2023-02-23 21:47:44|__total_inbound_traffic__|0|0|2|0|545|0|0|0
1677160069000|2023-02-23 21:47:49|society_service|1|0|1|0|162|0|1|0
1677160069000|2023-02-23 21:47:49|__total_inbound_traffic__|1|0|1|0|162|0|1|0
1677160072000|2023-02-23 21:47:52|society_service|1|0|1|0|104|0|1|0
1677160072000|2023-02-23 21:47:52|__total_inbound_traffic__|1|0|1|0|104|0|1|0
1677160073000|2023-02-23 21:47:53|society_service|1|0|1|0|112|0|1|0
1677160073000|2023-02-23 21:47:53|__total_inbound_traffic__|1|0|1|0|112|0|1|0
1677160074000|2023-02-23 21:47:54|society_service|1|0|1|0|98|0|1|0
1677160074000|2023-02-23 21:47:54|__total_inbound_traffic__|1|0|1|0|98|0|1|0
1677160075000|2023-02-23 21:47:55|society_service|1|0|0|0|0|0|1|0
1677160075000|2023-02-23 21:47:55|__total_inbound_traffic__|1|0|0|0|0|0|1|0
1677160076000|2023-02-23 21:47:56|society_service|0|0|1|0|100|0|0|0
1677160076000|2023-02-23 21:47:56|__total_inbound_traffic__|0|0|1|0|100|0|0|0
1677160077000|2023-02-23 21:47:57|society_service|1|0|1|0|102|0|1|0
1677160077000|2023-02-23 21:47:57|__total_inbound_traffic__|1|0|1|0|102|0|1|0
1677160078000|2023-02-23 21:47:58|society_service|2|0|1|0|104|0|1|0
1677160078000|2023-02-23 21:47:58|__total_inbound_traffic__|2|0|1|0|104|0|1|0
1677160079000|2023-02-23 21:47:59|society_service|1|0|2|0|101|0|1|0
1677160079000|2023-02-23 21:47:59|__total_inbound_traffic__|1|0|2|0|101|0|1|0
1677160080000|2023-02-23 21:48:00|society_service|1|0|1|0|93|0|1|0
1677160080000|2023-02-23 21:48:00|__total_inbound_traffic__|1|0|1|0|93|0|1|0
1677160081000|2023-02-23 21:48:01|society_service|2|0|2|0|41|0|1|0
1677160081000|2023-02-23 21:48:01|__total_inbound_traffic__|2|0|2|0|41|0|1|0
1677160083000|2023-02-23 21:48:03|society_service|1|0|1|0|83|0|1|0
1677160083000|2023-02-23 21:48:03|__total_inbound_traffic__|1|0|1|0|83|0|1|0
1677160084000|2023-02-23 21:48:04|society_service|1|0|1|0|90|0|1|0
1677160084000|2023-02-23 21:48:04|__total_inbound_traffic__|1|0|1|0|90|0|1|0
1677160085000|2023-02-23 21:48:05|society_service|1|0|1|0|108|0|1|0
1677160085000|2023-02-23 21:48:05|__total_inbound_traffic__|1|0|1|0|108|0|1|0
1677160086000|2023-02-23 21:48:06|society_service|1|0|1|0|162|0|1|0
1677160086000|2023-02-23 21:48:06|__total_inbound_traffic__|1|0|1|0|162|0|1|0
1677160087000|2023-02-23 21:48:07|society_service|1|0|0|0|0|0|1|0
1677160087000|2023-02-23 21:48:07|__total_inbound_traffic__|1|0|0|0|0|0|1|0
1677160088000|2023-02-23 21:48:08|society_service|0|0|1|0|130|0|0|0
1677160088000|2023-02-23 21:48:08|__total_inbound_traffic__|0|0|1|0|130|0|0|0
1677160089000|2023-02-23 21:48:09|society_service|1|0|1|0|94|0|1|0
1677160089000|2023-02-23 21:48:09|__total_inbound_traffic__|1|0|1|0|94|0|1|0
1677160090000|2023-02-23 21:48:10|society_service|2|0|2|0|444|0|2|0
1677160090000|2023-02-23 21:48:10|__total_inbound_traffic__|2|0|2|0|444|0|2|0
1677160092000|2023-02-23 21:48:12|core_service|1|0|0|0|0|0|1|0
1677160092000|2023-02-23 21:48:12|interaction_service|1|0|1|0|191|0|1|0
1677160092000|2023-02-23 21:48:12|__total_inbound_traffic__|2|0|1|0|191|0|1|0
1677160093000|2023-02-23 21:48:13|core_service|0|0|1|0|255|0|0|0
1677160093000|2023-02-23 21:48:13|__total_inbound_traffic__|0|0|1|0|255|0|0|0
