1677146569000|2023-02-23 18:02:49|core_service|1|0|0|0|0|0|1|0
1677146569000|2023-02-23 18:02:49|__total_inbound_traffic__|1|0|0|0|0|0|1|0
1677146572000|2023-02-23 18:02:52|interaction_service|1|0|1|0|0|0|1|0
1677146572000|2023-02-23 18:02:52|core_service|2|0|3|0|867|0|1|0
1677146572000|2023-02-23 18:02:52|__total_inbound_traffic__|3|0|4|0|650|0|1|0
1677146594000|2023-02-23 18:03:14|core_service|2|0|2|0|7|0|1|0
1677146594000|2023-02-23 18:03:14|interaction_service|1|0|1|0|0|0|1|0
1677146594000|2023-02-23 18:03:14|__total_inbound_traffic__|3|0|3|0|4|0|2|0
1677146598000|2023-02-23 18:03:18|interaction_service|1|0|1|0|0|0|1|0
1677146598000|2023-02-23 18:03:18|core_service|2|0|2|0|7|0|1|0
1677146598000|2023-02-23 18:03:18|__total_inbound_traffic__|3|0|3|0|5|0|2|0
1677146645000|2023-02-23 18:04:05|core_service|1|0|0|0|0|0|1|0
1677146645000|2023-02-23 18:04:05|__total_inbound_traffic__|1|0|0|0|0|0|1|0
1677146646000|2023-02-23 18:04:06|core_service|1|0|2|0|211|0|1|0
1677146646000|2023-02-23 18:04:06|__total_inbound_traffic__|1|0|2|0|211|0|1|0
1677146647000|2023-02-23 18:04:07|interaction_service|1|0|1|0|414|0|1|0
1677146647000|2023-02-23 18:04:07|core_service|1|0|1|0|539|0|1|0
1677146647000|2023-02-23 18:04:07|__total_inbound_traffic__|2|0|2|0|476|0|1|0
1677146655000|2023-02-23 18:04:15|society_service|1|0|0|0|0|0|1|0
1677146655000|2023-02-23 18:04:15|__total_inbound_traffic__|1|0|0|0|0|0|1|0
1677146656000|2023-02-23 18:04:16|society_service|0|0|1|0|198|0|0|0
1677146656000|2023-02-23 18:04:16|__total_inbound_traffic__|0|0|1|0|198|0|0|0
1677146669000|2023-02-23 18:04:29|society_service|1|0|0|0|0|0|1|0
1677146669000|2023-02-23 18:04:29|__total_inbound_traffic__|1|0|0|0|0|0|1|0
1677146670000|2023-02-23 18:04:30|society_service|0|0|1|0|232|0|0|0
1677146670000|2023-02-23 18:04:30|__total_inbound_traffic__|0|0|1|0|232|0|0|0
1677146675000|2023-02-23 18:04:35|society_service|1|0|1|0|71|0|1|0
1677146675000|2023-02-23 18:04:35|__total_inbound_traffic__|1|0|1|0|71|0|1|0
1677146680000|2023-02-23 18:04:40|society_service|1|0|1|0|71|0|1|0
1677146680000|2023-02-23 18:04:40|__total_inbound_traffic__|1|0|1|0|71|0|1|0
1677146685000|2023-02-23 18:04:45|society_service|1|0|1|0|74|0|1|0
1677146685000|2023-02-23 18:04:45|__total_inbound_traffic__|1|0|1|0|74|0|1|0
1677146690000|2023-02-23 18:04:50|society_service|1|0|1|0|71|0|1|0
1677146690000|2023-02-23 18:04:50|__total_inbound_traffic__|1|0|1|0|71|0|1|0
1677146695000|2023-02-23 18:04:55|society_service|1|0|1|0|216|0|1|0
1677146695000|2023-02-23 18:04:55|__total_inbound_traffic__|1|0|1|0|216|0|1|0
1677146700000|2023-02-23 18:05:00|society_service|1|0|1|0|74|0|1|0
1677146700000|2023-02-23 18:05:00|__total_inbound_traffic__|1|0|1|0|74|0|1|0
1677146705000|2023-02-23 18:05:05|society_service|1|0|1|0|72|0|1|0
1677146705000|2023-02-23 18:05:05|__total_inbound_traffic__|1|0|1|0|72|0|1|0
1677146710000|2023-02-23 18:05:10|society_service|1|0|0|0|0|0|1|0
1677146710000|2023-02-23 18:05:10|__total_inbound_traffic__|1|0|0|0|0|0|1|0
1677146711000|2023-02-23 18:05:11|society_service|0|0|1|0|85|0|0|0
1677146711000|2023-02-23 18:05:11|__total_inbound_traffic__|0|0|1|0|85|0|0|0
1677146716000|2023-02-23 18:05:16|society_service|1|0|1|0|72|0|1|0
1677146716000|2023-02-23 18:05:16|__total_inbound_traffic__|1|0|1|0|72|0|1|0
1677146721000|2023-02-23 18:05:21|society_service|1|0|1|0|75|0|1|0
1677146721000|2023-02-23 18:05:21|__total_inbound_traffic__|1|0|1|0|75|0|1|0
1677146726000|2023-02-23 18:05:26|society_service|1|0|1|0|70|0|1|0
1677146726000|2023-02-23 18:05:26|__total_inbound_traffic__|1|0|1|0|70|0|1|0
1677146731000|2023-02-23 18:05:31|society_service|1|0|1|0|75|0|1|0
1677146731000|2023-02-23 18:05:31|__total_inbound_traffic__|1|0|1|0|75|0|1|0
1677146736000|2023-02-23 18:05:36|society_service|1|0|1|0|68|0|1|0
1677146736000|2023-02-23 18:05:36|__total_inbound_traffic__|1|0|1|0|68|0|1|0
1677146741000|2023-02-23 18:05:41|society_service|1|0|1|0|75|0|1|0
1677146741000|2023-02-23 18:05:41|__total_inbound_traffic__|1|0|1|0|75|0|1|0
1677146742000|2023-02-23 18:05:42|society_service|1|0|1|0|71|0|1|0
1677146742000|2023-02-23 18:05:42|__total_inbound_traffic__|1|0|1|0|71|0|1|0
1677146746000|2023-02-23 18:05:46|society_service|1|0|1|0|74|0|1|0
1677146746000|2023-02-23 18:05:46|__total_inbound_traffic__|1|0|1|0|74|0|1|0
1677146751000|2023-02-23 18:05:51|society_service|1|0|1|0|73|0|1|0
1677146751000|2023-02-23 18:05:51|__total_inbound_traffic__|1|0|1|0|73|0|1|0
1677146756000|2023-02-23 18:05:56|society_service|1|0|1|0|75|0|1|0
1677146756000|2023-02-23 18:05:56|__total_inbound_traffic__|1|0|1|0|75|0|1|0
1677146761000|2023-02-23 18:06:01|society_service|1|0|0|0|0|0|1|0
1677146761000|2023-02-23 18:06:01|__total_inbound_traffic__|1|0|0|0|0|0|1|0
1677146762000|2023-02-23 18:06:02|society_service|0|0|1|0|76|0|0|0
1677146762000|2023-02-23 18:06:02|__total_inbound_traffic__|0|0|1|0|76|0|0|0
1677146767000|2023-02-23 18:06:07|society_service|1|0|1|0|75|0|1|0
1677146767000|2023-02-23 18:06:07|__total_inbound_traffic__|1|0|1|0|75|0|1|0
1677146772000|2023-02-23 18:06:12|society_service|1|0|1|0|73|0|1|0
1677146772000|2023-02-23 18:06:12|__total_inbound_traffic__|1|0|1|0|73|0|1|0
1677146777000|2023-02-23 18:06:17|society_service|1|0|1|0|70|0|1|0
1677146777000|2023-02-23 18:06:17|__total_inbound_traffic__|1|0|1|0|70|0|1|0
1677146782000|2023-02-23 18:06:22|society_service|1|0|1|0|76|0|1|0
1677146782000|2023-02-23 18:06:22|__total_inbound_traffic__|1|0|1|0|76|0|1|0
1677146787000|2023-02-23 18:06:27|society_service|1|0|1|0|76|0|1|0
1677146787000|2023-02-23 18:06:27|__total_inbound_traffic__|1|0|1|0|76|0|1|0
1677146792000|2023-02-23 18:06:32|society_service|1|0|1|0|343|0|1|0
1677146792000|2023-02-23 18:06:32|__total_inbound_traffic__|1|0|1|0|343|0|1|0
1677146797000|2023-02-23 18:06:37|society_service|1|0|1|0|72|0|1|0
1677146797000|2023-02-23 18:06:37|__total_inbound_traffic__|1|0|1|0|72|0|1|0
1677146802000|2023-02-23 18:06:42|society_service|1|0|0|0|0|0|1|0
1677146802000|2023-02-23 18:06:42|__total_inbound_traffic__|1|0|0|0|0|0|1|0
1677146803000|2023-02-23 18:06:43|society_service|0|0|1|0|73|0|0|0
1677146803000|2023-02-23 18:06:43|__total_inbound_traffic__|0|0|1|0|73|0|0|0
1677146808000|2023-02-23 18:06:48|society_service|1|0|1|0|75|0|1|0
1677146808000|2023-02-23 18:06:48|__total_inbound_traffic__|1|0|1|0|75|0|1|0
1677146813000|2023-02-23 18:06:53|society_service|1|0|1|0|79|0|1|0
1677146813000|2023-02-23 18:06:53|__total_inbound_traffic__|1|0|1|0|79|0|1|0
1677146818000|2023-02-23 18:06:58|society_service|1|0|1|0|72|0|1|0
1677146818000|2023-02-23 18:06:58|__total_inbound_traffic__|1|0|1|0|72|0|1|0
1677146823000|2023-02-23 18:07:03|society_service|1|0|1|0|74|0|1|0
1677146823000|2023-02-23 18:07:03|__total_inbound_traffic__|1|0|1|0|74|0|1|0
1677146828000|2023-02-23 18:07:08|society_service|1|0|1|0|87|0|1|0
1677146828000|2023-02-23 18:07:08|__total_inbound_traffic__|1|0|1|0|87|0|1|0
1677146833000|2023-02-23 18:07:13|society_service|1|0|1|0|71|0|1|0
1677146833000|2023-02-23 18:07:13|__total_inbound_traffic__|1|0|1|0|71|0|1|0
1677146838000|2023-02-23 18:07:18|society_service|1|0|1|0|68|0|1|0
1677146838000|2023-02-23 18:07:18|__total_inbound_traffic__|1|0|1|0|68|0|1|0
1677146843000|2023-02-23 18:07:23|society_service|1|0|1|0|76|0|1|0
1677146843000|2023-02-23 18:07:23|__total_inbound_traffic__|1|0|1|0|76|0|1|0
1677146848000|2023-02-23 18:07:28|society_service|1|0|0|0|0|0|1|0
1677146848000|2023-02-23 18:07:28|__total_inbound_traffic__|1|0|0|0|0|0|1|0
1677146849000|2023-02-23 18:07:29|society_service|0|0|1|0|71|0|0|0
1677146849000|2023-02-23 18:07:29|__total_inbound_traffic__|0|0|1|0|71|0|0|0
1677146854000|2023-02-23 18:07:34|society_service|1|0|1|0|86|0|1|0
1677146854000|2023-02-23 18:07:34|__total_inbound_traffic__|1|0|1|0|86|0|1|0
1677146859000|2023-02-23 18:07:39|society_service|1|0|1|0|72|0|1|0
1677146859000|2023-02-23 18:07:39|__total_inbound_traffic__|1|0|1|0|72|0|1|0
1677146864000|2023-02-23 18:07:44|society_service|1|0|1|0|74|0|1|0
1677146864000|2023-02-23 18:07:44|__total_inbound_traffic__|1|0|1|0|74|0|1|0
1677146869000|2023-02-23 18:07:49|society_service|1|0|1|0|69|0|1|0
1677146869000|2023-02-23 18:07:49|__total_inbound_traffic__|1|0|1|0|69|0|1|0
1677146874000|2023-02-23 18:07:54|society_service|1|0|1|0|74|0|1|0
1677146874000|2023-02-23 18:07:54|__total_inbound_traffic__|1|0|1|0|74|0|1|0
1677146879000|2023-02-23 18:07:59|society_service|1|0|1|0|74|0|1|0
1677146879000|2023-02-23 18:07:59|__total_inbound_traffic__|1|0|1|0|74|0|1|0
1677146884000|2023-02-23 18:08:04|society_service|1|0|1|0|74|0|1|0
1677146884000|2023-02-23 18:08:04|__total_inbound_traffic__|1|0|1|0|74|0|1|0
1677146889000|2023-02-23 18:08:09|society_service|1|0|0|0|0|0|1|0
1677146889000|2023-02-23 18:08:09|__total_inbound_traffic__|1|0|0|0|0|0|1|0
1677146890000|2023-02-23 18:08:10|society_service|0|0|1|0|503|0|0|0
1677146890000|2023-02-23 18:08:10|__total_inbound_traffic__|0|0|1|0|503|0|0|0
1677146895000|2023-02-23 18:08:15|society_service|1|0|1|0|76|0|1|0
1677146895000|2023-02-23 18:08:15|__total_inbound_traffic__|1|0|1|0|76|0|1|0
1677146900000|2023-02-23 18:08:20|society_service|1|0|1|0|67|0|1|0
1677146900000|2023-02-23 18:08:20|__total_inbound_traffic__|1|0|1|0|67|0|1|0
1677146905000|2023-02-23 18:08:25|society_service|1|0|1|0|73|0|1|0
1677146905000|2023-02-23 18:08:25|__total_inbound_traffic__|1|0|1|0|73|0|1|0
1677146910000|2023-02-23 18:08:30|society_service|1|0|1|0|74|0|1|0
1677146910000|2023-02-23 18:08:30|__total_inbound_traffic__|1|0|1|0|74|0|1|0
1677146915000|2023-02-23 18:08:35|society_service|1|0|1|0|69|0|1|0
1677146915000|2023-02-23 18:08:35|__total_inbound_traffic__|1|0|1|0|69|0|1|0
1677146920000|2023-02-23 18:08:40|society_service|1|0|1|0|72|0|1|0
1677146920000|2023-02-23 18:08:40|__total_inbound_traffic__|1|0|1|0|72|0|1|0
1677146925000|2023-02-23 18:08:45|society_service|1|0|0|0|0|0|1|0
1677146925000|2023-02-23 18:08:45|__total_inbound_traffic__|1|0|0|0|0|0|1|0
1677146926000|2023-02-23 18:08:46|society_service|0|0|1|0|75|0|0|0
1677146926000|2023-02-23 18:08:46|__total_inbound_traffic__|0|0|1|0|75|0|0|0
1677146931000|2023-02-23 18:08:51|society_service|1|0|1|0|72|0|1|0
1677146931000|2023-02-23 18:08:51|__total_inbound_traffic__|1|0|1|0|72|0|1|0
1677146936000|2023-02-23 18:08:56|society_service|1|0|1|0|72|0|1|0
1677146936000|2023-02-23 18:08:56|__total_inbound_traffic__|1|0|1|0|72|0|1|0
1677146941000|2023-02-23 18:09:01|society_service|1|0|1|0|69|0|1|0
1677146941000|2023-02-23 18:09:01|__total_inbound_traffic__|1|0|1|0|69|0|1|0
1677146946000|2023-02-23 18:09:06|society_service|1|0|1|0|77|0|1|0
1677146946000|2023-02-23 18:09:06|__total_inbound_traffic__|1|0|1|0|77|0|1|0
1677146951000|2023-02-23 18:09:11|society_service|1|0|1|0|214|0|1|0
1677146951000|2023-02-23 18:09:11|__total_inbound_traffic__|1|0|1|0|214|0|1|0
1677146956000|2023-02-23 18:09:16|society_service|1|0|1|0|71|0|1|0
1677146956000|2023-02-23 18:09:16|__total_inbound_traffic__|1|0|1|0|71|0|1|0
1677146961000|2023-02-23 18:09:21|society_service|1|0|1|0|76|0|1|0
1677146961000|2023-02-23 18:09:21|__total_inbound_traffic__|1|0|1|0|76|0|1|0
1677146966000|2023-02-23 18:09:26|society_service|1|0|1|0|72|0|1|0
1677146966000|2023-02-23 18:09:26|__total_inbound_traffic__|1|0|1|0|72|0|1|0
1677146971000|2023-02-23 18:09:31|society_service|1|0|0|0|0|0|1|0
1677146971000|2023-02-23 18:09:31|__total_inbound_traffic__|1|0|0|0|0|0|1|0
1677146972000|2023-02-23 18:09:32|society_service|0|0|1|0|71|0|0|0
1677146972000|2023-02-23 18:09:32|__total_inbound_traffic__|0|0|1|0|71|0|0|0
1677146977000|2023-02-23 18:09:37|society_service|1|0|1|0|70|0|1|0
1677146977000|2023-02-23 18:09:37|__total_inbound_traffic__|1|0|1|0|70|0|1|0
1677146982000|2023-02-23 18:09:42|society_service|1|0|1|0|69|0|1|0
1677146982000|2023-02-23 18:09:42|__total_inbound_traffic__|1|0|1|0|69|0|1|0
1677146987000|2023-02-23 18:09:47|society_service|1|0|1|0|103|0|1|0
1677146987000|2023-02-23 18:09:47|__total_inbound_traffic__|1|0|1|0|103|0|1|0
1677146992000|2023-02-23 18:09:52|society_service|1|0|1|0|73|0|1|0
1677146992000|2023-02-23 18:09:52|__total_inbound_traffic__|1|0|1|0|73|0|1|0
1677146997000|2023-02-23 18:09:57|society_service|1|0|1|0|76|0|1|0
1677146997000|2023-02-23 18:09:57|__total_inbound_traffic__|1|0|1|0|76|0|1|0
1677147002000|2023-02-23 18:10:02|society_service|1|0|1|0|72|0|1|0
1677147002000|2023-02-23 18:10:02|__total_inbound_traffic__|1|0|1|0|72|0|1|0
1677147007000|2023-02-23 18:10:07|society_service|1|0|1|0|69|0|1|0
1677147007000|2023-02-23 18:10:07|__total_inbound_traffic__|1|0|1|0|69|0|1|0
1677147012000|2023-02-23 18:10:12|society_service|1|0|1|0|128|0|1|0
1677147012000|2023-02-23 18:10:12|__total_inbound_traffic__|1|0|1|0|128|0|1|0
1677147017000|2023-02-23 18:10:17|society_service|1|0|1|0|71|0|1|0
1677147017000|2023-02-23 18:10:17|__total_inbound_traffic__|1|0|1|0|71|0|1|0
1677147023000|2023-02-23 18:10:23|society_service|1|0|1|0|69|0|1|0
1677147023000|2023-02-23 18:10:23|__total_inbound_traffic__|1|0|1|0|69|0|1|0
1677147028000|2023-02-23 18:10:28|society_service|1|0|1|0|72|0|1|0
1677147028000|2023-02-23 18:10:28|__total_inbound_traffic__|1|0|1|0|72|0|1|0
1677147033000|2023-02-23 18:10:33|society_service|1|0|1|0|70|0|1|0
1677147033000|2023-02-23 18:10:33|__total_inbound_traffic__|1|0|1|0|70|0|1|0
1677147038000|2023-02-23 18:10:38|society_service|1|0|1|0|75|0|1|0
1677147038000|2023-02-23 18:10:38|__total_inbound_traffic__|1|0|1|0|75|0|1|0
1677147043000|2023-02-23 18:10:43|society_service|1|0|1|0|74|0|1|0
1677147043000|2023-02-23 18:10:43|__total_inbound_traffic__|1|0|1|0|74|0|1|0
1677147048000|2023-02-23 18:10:48|society_service|1|0|1|0|206|0|1|0
1677147048000|2023-02-23 18:10:48|__total_inbound_traffic__|1|0|1|0|206|0|1|0
1677147053000|2023-02-23 18:10:53|society_service|1|0|1|0|71|0|1|0
1677147053000|2023-02-23 18:10:53|__total_inbound_traffic__|1|0|1|0|71|0|1|0
1677147058000|2023-02-23 18:10:58|society_service|1|0|1|0|70|0|1|0
1677147058000|2023-02-23 18:10:58|__total_inbound_traffic__|1|0|1|0|70|0|1|0
1677147063000|2023-02-23 18:11:03|society_service|1|0|0|0|0|0|1|0
1677147063000|2023-02-23 18:11:03|__total_inbound_traffic__|1|0|0|0|0|0|1|0
1677147064000|2023-02-23 18:11:04|society_service|0|0|1|0|70|0|0|0
1677147064000|2023-02-23 18:11:04|__total_inbound_traffic__|0|0|1|0|70|0|0|0
1677147069000|2023-02-23 18:11:09|society_service|1|0|1|0|74|0|1|0
1677147069000|2023-02-23 18:11:09|__total_inbound_traffic__|1|0|1|0|74|0|1|0
1677147074000|2023-02-23 18:11:14|society_service|1|0|1|0|72|0|1|0
1677147074000|2023-02-23 18:11:14|__total_inbound_traffic__|1|0|1|0|72|0|1|0
1677147079000|2023-02-23 18:11:19|society_service|1|0|1|0|71|0|1|0
1677147079000|2023-02-23 18:11:19|__total_inbound_traffic__|1|0|1|0|71|0|1|0
1677147084000|2023-02-23 18:11:24|society_service|1|0|1|0|70|0|1|0
1677147084000|2023-02-23 18:11:24|__total_inbound_traffic__|1|0|1|0|70|0|1|0
1677147089000|2023-02-23 18:11:29|society_service|1|0|1|0|70|0|1|0
1677147089000|2023-02-23 18:11:29|__total_inbound_traffic__|1|0|1|0|70|0|1|0
1677147094000|2023-02-23 18:11:34|society_service|1|0|1|0|70|0|1|0
1677147094000|2023-02-23 18:11:34|__total_inbound_traffic__|1|0|1|0|70|0|1|0
1677147099000|2023-02-23 18:11:39|society_service|1|0|1|0|74|0|1|0
1677147099000|2023-02-23 18:11:39|__total_inbound_traffic__|1|0|1|0|74|0|1|0
1677147104000|2023-02-23 18:11:44|society_service|1|0|1|0|70|0|1|0
1677147104000|2023-02-23 18:11:44|__total_inbound_traffic__|1|0|1|0|70|0|1|0
1677147109000|2023-02-23 18:11:49|society_service|1|0|0|0|0|0|1|0
1677147109000|2023-02-23 18:11:49|__total_inbound_traffic__|1|0|0|0|0|0|1|0
1677147110000|2023-02-23 18:11:50|society_service|0|0|1|0|202|0|0|0
1677147110000|2023-02-23 18:11:50|__total_inbound_traffic__|0|0|1|0|202|0|0|0
1677147115000|2023-02-23 18:11:55|society_service|1|0|1|0|69|0|1|0
1677147115000|2023-02-23 18:11:55|__total_inbound_traffic__|1|0|1|0|69|0|1|0
1677147120000|2023-02-23 18:12:00|society_service|1|0|1|0|73|0|1|0
1677147120000|2023-02-23 18:12:00|__total_inbound_traffic__|1|0|1|0|73|0|1|0
1677147125000|2023-02-23 18:12:05|society_service|1|0|1|0|73|0|1|0
1677147125000|2023-02-23 18:12:05|__total_inbound_traffic__|1|0|1|0|73|0|1|0
1677147130000|2023-02-23 18:12:10|society_service|1|0|1|0|69|0|1|0
1677147130000|2023-02-23 18:12:10|__total_inbound_traffic__|1|0|1|0|69|0|1|0
1677147135000|2023-02-23 18:12:15|society_service|1|0|1|0|72|0|1|0
1677147135000|2023-02-23 18:12:15|__total_inbound_traffic__|1|0|1|0|72|0|1|0
1677147140000|2023-02-23 18:12:20|society_service|1|0|1|0|68|0|1|0
1677147140000|2023-02-23 18:12:20|__total_inbound_traffic__|1|0|1|0|68|0|1|0
1677147145000|2023-02-23 18:12:25|society_service|1|0|1|0|73|0|1|0
1677147145000|2023-02-23 18:12:25|__total_inbound_traffic__|1|0|1|0|73|0|1|0
1677147150000|2023-02-23 18:12:30|society_service|1|0|1|0|73|0|1|0
1677147150000|2023-02-23 18:12:30|__total_inbound_traffic__|1|0|1|0|73|0|1|0
1677147155000|2023-02-23 18:12:35|society_service|1|0|1|0|73|0|1|0
1677147155000|2023-02-23 18:12:35|__total_inbound_traffic__|1|0|1|0|73|0|1|0
1677147160000|2023-02-23 18:12:40|society_service|1|0|0|0|0|0|1|0
1677147160000|2023-02-23 18:12:40|__total_inbound_traffic__|1|0|0|0|0|0|1|0
1677147161000|2023-02-23 18:12:41|society_service|0|0|1|0|73|0|0|0
1677147161000|2023-02-23 18:12:41|__total_inbound_traffic__|0|0|1|0|73|0|0|0
1677147166000|2023-02-23 18:12:46|society_service|1|0|1|0|73|0|1|0
1677147166000|2023-02-23 18:12:46|__total_inbound_traffic__|1|0|1|0|73|0|1|0
1677147171000|2023-02-23 18:12:51|society_service|1|0|1|0|73|0|1|0
1677147171000|2023-02-23 18:12:51|__total_inbound_traffic__|1|0|1|0|73|0|1|0
1677147176000|2023-02-23 18:12:56|society_service|1|0|1|0|25|0|1|0
1677147176000|2023-02-23 18:12:56|__total_inbound_traffic__|1|0|1|0|25|0|1|0
1677147181000|2023-02-23 18:13:01|society_service|1|0|1|0|31|0|1|0
1677147181000|2023-02-23 18:13:01|__total_inbound_traffic__|1|0|1|0|31|0|1|0
1677147186000|2023-02-23 18:13:06|society_service|1|0|1|0|181|0|1|0
1677147186000|2023-02-23 18:13:06|__total_inbound_traffic__|1|0|1|0|181|0|1|0
1677147187000|2023-02-23 18:13:07|society_service|1|0|1|0|79|0|1|0
1677147187000|2023-02-23 18:13:07|__total_inbound_traffic__|1|0|1|0|79|0|1|0
1677147188000|2023-02-23 18:13:08|society_service|1|0|1|0|72|0|1|0
1677147188000|2023-02-23 18:13:08|__total_inbound_traffic__|1|0|1|0|72|0|1|0
1677147189000|2023-02-23 18:13:09|society_service|1|0|1|0|74|0|1|0
1677147189000|2023-02-23 18:13:09|__total_inbound_traffic__|1|0|1|0|74|0|1|0
1677147190000|2023-02-23 18:13:10|society_service|1|0|1|0|72|0|1|0
1677147190000|2023-02-23 18:13:10|__total_inbound_traffic__|1|0|1|0|72|0|1|0
1677147191000|2023-02-23 18:13:11|society_service|1|0|1|0|75|0|1|0
1677147191000|2023-02-23 18:13:11|__total_inbound_traffic__|1|0|1|0|75|0|1|0
1677147192000|2023-02-23 18:13:12|society_service|1|0|0|0|0|0|1|0
1677147192000|2023-02-23 18:13:12|__total_inbound_traffic__|1|0|0|0|0|0|1|0
1677147193000|2023-02-23 18:13:13|society_service|0|0|1|0|29|0|0|0
1677147193000|2023-02-23 18:13:13|__total_inbound_traffic__|0|0|1|0|29|0|0|0
1677147198000|2023-02-23 18:13:18|society_service|1|0|1|0|27|0|1|0
1677147198000|2023-02-23 18:13:18|__total_inbound_traffic__|1|0|1|0|27|0|1|0
1677147203000|2023-02-23 18:13:23|society_service|1|0|1|0|33|0|1|0
1677147203000|2023-02-23 18:13:23|__total_inbound_traffic__|1|0|1|0|33|0|1|0
1677147208000|2023-02-23 18:13:28|society_service|1|0|1|0|30|0|1|0
1677147208000|2023-02-23 18:13:28|__total_inbound_traffic__|1|0|1|0|30|0|1|0
1677147213000|2023-02-23 18:13:33|society_service|1|0|1|0|33|0|1|0
1677147213000|2023-02-23 18:13:33|__total_inbound_traffic__|1|0|1|0|33|0|1|0
1677147218000|2023-02-23 18:13:38|society_service|1|0|1|0|29|0|1|0
1677147218000|2023-02-23 18:13:38|__total_inbound_traffic__|1|0|1|0|29|0|1|0
1677147223000|2023-02-23 18:13:43|society_service|1|0|1|0|30|0|1|0
1677147223000|2023-02-23 18:13:43|__total_inbound_traffic__|1|0|1|0|30|0|1|0
1677147228000|2023-02-23 18:13:48|society_service|1|0|1|0|29|0|1|0
1677147228000|2023-02-23 18:13:48|__total_inbound_traffic__|1|0|1|0|29|0|1|0
1677147233000|2023-02-23 18:13:53|society_service|1|0|1|0|30|0|1|0
1677147233000|2023-02-23 18:13:53|__total_inbound_traffic__|1|0|1|0|30|0|1|0
1677147238000|2023-02-23 18:13:58|society_service|1|0|1|0|32|0|1|0
1677147238000|2023-02-23 18:13:58|__total_inbound_traffic__|1|0|1|0|32|0|1|0
1677147243000|2023-02-23 18:14:03|society_service|1|0|1|0|30|0|1|0
1677147243000|2023-02-23 18:14:03|__total_inbound_traffic__|1|0|1|0|30|0|1|0
1677147248000|2023-02-23 18:14:08|society_service|1|0|1|0|32|0|1|0
1677147248000|2023-02-23 18:14:08|__total_inbound_traffic__|1|0|1|0|32|0|1|0
1677147253000|2023-02-23 18:14:13|society_service|1|0|1|0|31|0|1|0
1677147253000|2023-02-23 18:14:13|__total_inbound_traffic__|1|0|1|0|31|0|1|0
1677147258000|2023-02-23 18:14:18|society_service|1|0|1|0|29|0|1|0
1677147258000|2023-02-23 18:14:18|__total_inbound_traffic__|1|0|1|0|29|0|1|0
1677147263000|2023-02-23 18:14:23|society_service|1|0|0|0|0|0|1|0
1677147263000|2023-02-23 18:14:23|__total_inbound_traffic__|1|0|0|0|0|0|1|0
1677147264000|2023-02-23 18:14:24|society_service|0|0|1|0|259|0|0|0
1677147264000|2023-02-23 18:14:24|__total_inbound_traffic__|0|0|1|0|259|0|0|0
1677147269000|2023-02-23 18:14:29|society_service|1|0|1|0|69|0|1|0
1677147269000|2023-02-23 18:14:29|__total_inbound_traffic__|1|0|1|0|69|0|1|0
1677147274000|2023-02-23 18:14:34|society_service|1|0|1|0|72|0|1|0
1677147274000|2023-02-23 18:14:34|__total_inbound_traffic__|1|0|1|0|72|0|1|0
1677147279000|2023-02-23 18:14:39|society_service|1|0|0|0|0|0|1|0
1677147279000|2023-02-23 18:14:39|__total_inbound_traffic__|1|0|0|0|0|0|1|0
1677147280000|2023-02-23 18:14:40|society_service|0|0|1|0|206|0|0|0
1677147280000|2023-02-23 18:14:40|__total_inbound_traffic__|0|0|1|0|206|0|0|0
1677147285000|2023-02-23 18:14:45|society_service|1|0|1|0|81|0|1|0
1677147285000|2023-02-23 18:14:45|__total_inbound_traffic__|1|0|1|0|81|0|1|0
1677147290000|2023-02-23 18:14:50|society_service|1|0|1|0|75|0|1|0
1677147290000|2023-02-23 18:14:50|__total_inbound_traffic__|1|0|1|0|75|0|1|0
