1676896814000|2023-02-20 20:40:14|interaction_service|1|0|1|0|268|0|1|0
1676896814000|2023-02-20 20:40:14|__total_inbound_traffic__|1|0|1|0|268|0|1|0
1676896850000|2023-02-20 20:40:50|interaction_service|1|0|1|0|85|0|1|0
1676896850000|2023-02-20 20:40:50|__total_inbound_traffic__|1|0|1|0|85|0|1|0
1676896911000|2023-02-20 20:41:51|interaction_service|1|0|1|0|174|0|1|0
1676896911000|2023-02-20 20:41:51|__total_inbound_traffic__|1|0|1|0|174|0|1|0
1676896947000|2023-02-20 20:42:27|interaction_service|1|0|1|0|128|0|1|0
1676896947000|2023-02-20 20:42:27|__total_inbound_traffic__|1|0|1|0|128|0|1|0
1676896949000|2023-02-20 20:42:29|interaction_service|1|0|1|0|114|0|1|0
1676896949000|2023-02-20 20:42:29|__total_inbound_traffic__|1|0|1|0|114|0|1|0
1676897023000|2023-02-20 20:43:43|interaction_service|1|0|1|0|111|0|1|0
1676897023000|2023-02-20 20:43:43|__total_inbound_traffic__|1|0|1|0|111|0|1|0
1676897107000|2023-02-20 20:45:07|interaction_service|1|0|1|0|1|0|1|0
1676897107000|2023-02-20 20:45:07|__total_inbound_traffic__|1|0|1|0|1|0|1|0
1676897118000|2023-02-20 20:45:18|interaction_service|1|0|0|0|0|0|1|0
1676897118000|2023-02-20 20:45:18|__total_inbound_traffic__|1|0|0|0|0|0|1|0
1676897127000|2023-02-20 20:45:27|interaction_service|0|0|1|0|9006|0|0|0
1676897127000|2023-02-20 20:45:27|__total_inbound_traffic__|0|0|1|0|9006|0|0|0
1676897284000|2023-02-20 20:48:04|interaction_service|1|0|0|0|0|0|1|0
1676897284000|2023-02-20 20:48:04|__total_inbound_traffic__|1|0|0|0|0|0|1|0
1676897285000|2023-02-20 20:48:05|interaction_service|0|0|1|0|691|0|0|0
1676897285000|2023-02-20 20:48:05|__total_inbound_traffic__|0|0|1|0|691|0|0|0
1676897292000|2023-02-20 20:48:12|interaction_service|1|0|0|0|0|0|1|0
1676897292000|2023-02-20 20:48:12|__total_inbound_traffic__|1|0|0|0|0|0|1|0
1676897301000|2023-02-20 20:48:21|interaction_service|0|0|1|0|9002|0|0|0
1676897301000|2023-02-20 20:48:21|__total_inbound_traffic__|0|0|1|0|9002|0|0|0
